ABCDE
201
0.0 6.55821159188995
1.0 6.50219533840973
2.0 6.5372455005905
3.0 6.61565406433335
4.0 6.27348935068234
5.0 6.480747503607
6.0 6.18533905685196
7.0 6.1452728350552
8.0 6.06524903603453
9.0 6.12630478469063
10.0 6.50089406622537
11.0 6.32998256380691
12.0 5.97524832032255
13.0 6.27470750494168
14.0 6.07142007195432
15.0 6.05392217437667
16.0 6.76178744784669
17.0 6.50900475275116
18.0 6.25793720591844
19.0 6.32939631770595
20.0 6.47797389294588
21.0 6.14367795602413
22.0 6.10873424140459
23.0 6.32273386312541
24.0 6.29324533076361
25.0 6.47759582193819
26.0 6.49529492831484
27.0 6.63608004083659
28.0 6.34857892217365
29.0 6.50642591710878
30.0 6.57838359205138
31.0 6.83144548363613
32.0 6.4231516145952
33.0 6.4085025844503
34.0 6.791597753121
35.0 6.88048916762836
36.0 6.80761854456974
37.0 6.94640373056597
38.0 6.83024597402711
39.0 6.54157862699822
40.0 6.79205979394234
41.0 6.76506533924113
42.0 6.90442767747772
43.0 6.59478672599722
44.0 6.65581897065591
45.0 6.92901218673632
46.0 6.84739123400132
47.0 6.78933456618844
48.0 6.87739092149215
49.0 6.69915016323616
50.0 6.89868859979342
51.0 6.53257220093282
52.0 6.44237854996745
53.0 6.55693343585452
54.0 6.81874134063576
55.0 6.48241373712036
56.0 6.30644936609478
57.0 6.23875918370069
58.0 6.15157188627657
59.0 6.05349399690119
60.0 6.02433951305747
61.0 6.04146729640471
62.0 6.15942764448001
63.0 5.93059792887749
64.0 6.17112421658446
65.0 6.15731392093037
66.0 5.95772278204858
67.0 5.91556904526155
68.0 5.88068472963494
69.0 5.86748058568051
70.0 6.06837700872669
71.0 5.74151287975038
72.0 5.76734492689451
73.0 6.07943269975952
74.0 5.83932227591507
75.0 5.95065918967482
76.0 5.73415949344215
77.0 5.4533621306976
78.0 5.64969370553877
79.0 6.08812499128473
80.0 6.15714154674089
81.0 5.92650889545863
82.0 6.1995945484213
83.0 6.14103409554693
84.0 5.86931553341625
85.0 6.32983494616134
86.0 6.22201748387078
87.0 6.00186528335297
88.0 6.27574055798902
89.0 6.32188349945427
90.0 6.42720457111261
91.0 6.69459986918433
92.0 6.14361143477158
93.0 6.82333403309462
94.0 6.33559628846009
95.0 6.87274936113502
96.0 6.8420252155967
97.0 6.7975561808457
98.0 6.69822913044431
99.0 6.62423499354506
100.0 6.97479958732926
101.0 6.79190145573183
102.0 7.12943591706433
103.0 6.99121558073542
104.0 6.49760341471565
105.0 7.46029406807161
106.0 7.21605209329857
107.0 6.9137780718355
108.0 6.62760935978828
109.0 6.66120474068455
110.0 7.00629260492701
111.0 6.98362770545073
112.0 7.00891453495388
113.0 6.80838283940892
114.0 6.2743185570365
115.0 6.56050606411801
116.0 6.49393210417278
117.0 6.70857828603133
118.0 6.7242773029098
119.0 6.50994949669809
120.0 6.4499873737066
121.0 6.57205647336256
122.0 6.20152627511678
123.0 6.37002118505172
124.0 6.37355357562188
125.0 6.38250741287594
126.0 6.37579936760934
127.0 6.13793913445304
128.0 6.13843803099503
129.0 6.10443262758208
130.0 6.30200233602611
131.0 6.38170451589962
132.0 6.13291188596936
133.0 5.91536065708467
134.0 6.55135334596913
135.0 6.14194087365908
136.0 6.05547717994414
137.0 6.55135132241937
138.0 6.29180330293256
139.0 6.20031959457731
140.0 6.50850379754829
141.0 6.69804089387417
142.0 6.51122348839484
143.0 6.16651235874561
144.0 6.27022319495386
145.0 6.63980913871803
146.0 6.63214687649214
147.0 6.51283901043597
148.0 6.55967430270756
149.0 6.53945233102847
150.0 6.6334200602622
151.0 6.90756163191505
152.0 6.64868565864095
153.0 6.62745739245339
154.0 6.82344929936105
155.0 6.62931232695594
156.0 6.71568335703745
157.0 6.85839325747699
158.0 6.37659087134629
159.0 6.48097419219619
160.0 6.75212127037062
161.0 6.38980020070021
162.0 6.34839172779888
163.0 6.40364148956018
164.0 6.43079190042859
165.0 6.44993181664421
166.0 6.21463479005417
167.0 6.40140080356391
168.0 6.37677118254794
169.0 6.5265013617294
170.0 5.98437333051938
171.0 5.93896689047883
172.0 5.82152774013565
173.0 6.10862888278593
174.0 5.99762645429843
175.0 5.87976531491317
176.0 5.96546107199434
177.0 5.97107532701496
178.0 5.901686983851
179.0 5.64437476603401
180.0 5.77536361591907
181.0 5.6034567233425
182.0 5.61021232125138
183.0 5.28436925012037
184.0 5.52780718810771
185.0 5.40562861027484
186.0 5.42939025130889
187.0 5.5866414822035
188.0 5.69946199082387
189.0 5.72849763883181
190.0 5.71356926365911
191.0 5.57484920860727
192.0 5.70696971868295
193.0 5.84281660888179
194.0 5.82313913067836
195.0 5.88099044947877
196.0 5.78588711429702
197.0 6.27433629274563
198.0 6.13719453455745
199.0 5.99480657990089
200.0 6.23201734902267
