BetterTomorrow
201
0.0 3.46909699131121
1.0 3.23812055449804
2.0 3.46697489578952
3.0 3.25942997941504
4.0 3.08268934172184
5.0 3.25317863201353
6.0 3.1359764980615
7.0 2.96674210254163
8.0 2.89081604397661
9.0 3.05489605489494
10.0 2.87689124108473
11.0 3.08223328574521
12.0 2.57794475472486
13.0 2.63117837301639
14.0 2.49363486992407
15.0 2.82283024331845
16.0 2.58272419897301
17.0 2.44637290671529
18.0 2.54989480103975
19.0 2.42641642924674
20.0 2.56486760216484
21.0 2.31636269145228
22.0 2.31464174427945
23.0 2.35006344441764
24.0 2.04079283077027
25.0 2.06934225228466
26.0 2.09986484479409
27.0 2.03837525336087
28.0 2.06456279062218
29.0 1.98153889615385
30.0 2.15087466644816
31.0 2.03444513778203
32.0 1.84107367672578
33.0 1.93936487143815
34.0 2.16644919936509
35.0 1.85396560337305
36.0 2.06978129072706
37.0 1.79052739707629
38.0 2.02953578731216
39.0 1.98764612778602
40.0 2.03023777406082
41.0 1.94117022321807
42.0 2.11212670436902
43.0 2.14703577645048
44.0 1.94630926769265
45.0 2.03572958126552
46.0 1.74904729132428
47.0 1.99320829233917
48.0 1.93308324713673
49.0 1.93458691619231
50.0 2.11443587081952
51.0 1.79619943166015
52.0 1.74491806634339
53.0 1.90737950880112
54.0 1.82766965125193
55.0 1.86468720768138
56.0 1.60479753315155
57.0 1.60736335538924
58.0 1.77535124255324
59.0 1.59024496113849
60.0 1.55006604359058
61.0 1.49712919241731
62.0 1.39953549824776
63.0 1.21401978089121
64.0 1.10639185992503
65.0 1.22252093627662
66.0 0.954514525697482
67.0 1.10761502887782
68.0 1.11801148092275
69.0 0.886694426248793
70.0 0.838312967850704
71.0 1.02536047379304
72.0 0.791479843521101
73.0 0.947647938321116
74.0 0.605545428011821
75.0 0.848998983736383
76.0 0.697904113400778
77.0 0.477836142480423
78.0 0.5083645982867
79.0 0.511145718068428
80.0 0.472949078309194
81.0 0.388872992941069
82.0 0.537299056523433
83.0 0.684856140945047
84.0 0.722791981183276
85.0 0.475601221307265
86.0 0.554343765847688
87.0 0.591016071652887
88.0 0.71477744145553
89.0 0.683125897727622
90.0 0.559170931235406
91.0 0.770122504931953
92.0 0.910253544716383
93.0 0.759474203283741
94.0 0.712456564080803
95.0 0.899992780089405
96.0 1.06653265189805
97.0 1.07021396190271
98.0 0.940313418766974
99.0 0.87396824903759
100.0 1.03916888169975
101.0 1.03113069532706
102.0 0.931386542146466
103.0 1.13913568107955
104.0 1.02731632254345
105.0 1.14223257184949
106.0 1.04997804047689
107.0 0.993696810568653
108.0 1.0899240862739
109.0 1.40872622692674
110.0 1.1402625349414
111.0 1.08244191468737
112.0 1.10136818514845
113.0 1.04708989415358
114.0 0.964755266642401
115.0 0.904022035147476
116.0 0.888888514684027
117.0 1.00816993595513
118.0 0.87674165091347
119.0 0.929126936310008
120.0 0.976837008985357
121.0 0.785413942789246
122.0 0.688051380015724
123.0 0.464653182923083
124.0 0.403637965688855
125.0 0.440040202141222
126.0 0.458591830336937
127.0 0.459922004015733
128.0 0.237832082677438
129.0 0.382641298294834
130.0 0.345528817067997
131.0 0.212250372665413
132.0 0.179023853658082
133.0 0.169833198080986
134.0 0.27353749026481
135.0 0.210425852320878
136.0 0.117268376439942
137.0 0.278431402564602
138.0 0.308503374198342
139.0 0.16698956663937
140.0 0.292043118524886
141.0 0.209834514479366
142.0 0.219674583072691
143.0 0.25010406932285
144.0 0.195001369690777
145.0 0.424903387562911
146.0 0.724516457267607
147.0 0.305055408761359
148.0 0.249343176751051
149.0 0.413721606303684
150.0 0.340930452014207
151.0 0.304340081500181
152.0 0.638484655999322
153.0 0.442879574863514
154.0 0.744074064568247
155.0 0.500920276359131
156.0 0.532190779430831
157.0 0.797452011833907
158.0 0.863333965612646
159.0 0.572238235905355
160.0 0.575464411702329
161.0 0.605598218131838
162.0 0.727345643253223
163.0 0.859833194737703
164.0 0.711328887315644
165.0 0.727944562145558
166.0 0.476319402785766
167.0 0.725564654490922
168.0 0.799507078874706
169.0 0.601670888443671
170.0 0.81548884870236
171.0 0.449861151686008
172.0 0.688739340955448
173.0 0.816760107629052
174.0 0.442714123144015
175.0 0.658954730282319
176.0 0.37994523982843
177.0 0.493908379556055
178.0 0.464902310451463
179.0 0.508453648996233
180.0 0.432311137452642
181.0 0.588214298512593
182.0 0.635044540580198
183.0 0.590595974963187
184.0 0.689032978446068
185.0 0.575058809260238
186.0 0.712539540817789
187.0 0.393614984602439
188.0 0.663658222640804
189.0 0.742294005096609
190.0 0.736493649867584
191.0 0.874504931265999
192.0 0.805072494830624
193.0 0.759028211965721
194.0 0.790261979384168
195.0 0.980088914401835
196.0 0.929040713692777
197.0 1.09727941390956
198.0 1.2141408012925
199.0 1.21725466722091
200.0 1.33499166598297
