CPU-XYZ
201
0.0 6.05846013570856
1.0 5.81184796399453
2.0 5.66343321285626
3.0 5.86126558067399
4.0 5.57079047872754
5.0 5.76476503364901
6.0 5.7186430444753
7.0 5.48489543461744
8.0 5.72324455741682
9.0 5.72924822984779
10.0 5.42347511350746
11.0 5.37009617236002
12.0 5.54756226877231
13.0 5.37822946263716
14.0 5.13138623611817
15.0 5.39105732033022
16.0 5.12393007710516
17.0 4.93145287754141
18.0 4.94333648847251
19.0 4.70361788230465
20.0 4.65522359178493
21.0 4.48816623693113
22.0 4.50103398119142
23.0 4.10211901541412
24.0 4.56804978292964
25.0 4.10006610411643
26.0 4.0904395419637
27.0 3.85813529762623
28.0 3.70106446397385
29.0 3.65904942643009
30.0 3.60804762976331
31.0 3.43927382418422
32.0 3.39012614425101
33.0 3.29760693033778
34.0 3.50738886477715
35.0 3.34787740670571
36.0 3.43133701331448
37.0 3.28871408614139
38.0 3.42004244056002
39.0 3.5290712212224
40.0 3.53764791895762
41.0 3.43431043993113
42.0 3.56477494430887
43.0 3.57070722888755
44.0 3.38298059909354
45.0 3.7086580841388
46.0 3.49236070067011
47.0 3.44656389768119
48.0 3.92410559360195
49.0 3.77361186795599
50.0 4.20898676386311
51.0 4.04778191863306
52.0 4.11363696049046
53.0 4.18960232035574
54.0 4.26579854303873
55.0 4.40140578764344
56.0 4.48815427010158
57.0 4.77469016587436
58.0 4.70626761064275
59.0 4.58048718346264
60.0 4.8804572948979
61.0 4.74176375962654
62.0 4.79880811133392
63.0 4.95000331606421
64.0 4.9047490170561
65.0 4.67902238365603
66.0 4.91525711861788
67.0 5.04823765900916
68.0 4.79103828036791
69.0 5.19719337901406
70.0 4.65244298967348
71.0 4.58851539675173
72.0 4.82833444376394
73.0 4.74960468720204
74.0 4.44509166624338
75.0 4.57616307625309
76.0 4.61035215866041
77.0 4.3053314211483
78.0 4.35026941309055
79.0 4.22090512549631
80.0 4.3363595584588
81.0 4.34569452555632
82.0 4.39726865171524
83.0 4.50773140859075
84.0 4.21416739198209
85.0 4.22038794905805
86.0 4.07306319105044
87.0 4.05140542556984
88.0 3.91904427685809
89.0 3.88372610558294
90.0 4.18870271281957
91.0 4.07506732421701
92.0 4.34767505726035
93.0 3.89705703767358
94.0 4.12693106764628
95.0 4.41888023696128
96.0 4.36470226666403
97.0 4.38397355473828
98.0 4.4535629734164
99.0 4.39062781743872
100.0 4.53981634717058
101.0 4.41518501715045
102.0 4.79982576524031
103.0 4.74260559287672
104.0 4.74564563322286
105.0 4.77217653157561
106.0 4.97483769747508
107.0 5.20891998680076
108.0 4.95387679109109
109.0 5.17772357932999
110.0 5.10602949122699
111.0 5.39146688624876
112.0 5.42934841350195
113.0 5.43468586907739
114.0 5.43130655595601
115.0 5.70459417599116
116.0 5.55716003403639
117.0 5.51437660332669
118.0 5.69107638778627
119.0 5.89054138471696
120.0 5.41015894975196
121.0 5.88237730627529
122.0 5.99892146868589
123.0 5.57955888007443
124.0 5.60042309102556
125.0 5.90611443954941
126.0 5.93592624545159
127.0 5.84858621195153
128.0 5.86305316264349
129.0 5.90171795721719
130.0 6.06451843967414
131.0 6.01995147781061
132.0 5.95773780344736
133.0 6.01602696088154
134.0 5.94958444620897
135.0 6.24343791602337
136.0 6.06501053118421
137.0 5.89239692395621
138.0 6.18828142455061
139.0 6.04582547740692
140.0 6.32575894027103
141.0 6.15451986509976
142.0 6.24062766901928
143.0 6.09068445300133
144.0 6.2742324251777
145.0 6.20592169227423
146.0 6.28880950672155
147.0 6.29116133954921
148.0 6.1334338304521
149.0 6.15915906953493
150.0 6.14272622897993
151.0 6.33893754165204
152.0 6.24451558707724
153.0 6.28540418925504
154.0 6.16493225339559
155.0 6.30509052105349
156.0 6.20425913074499
157.0 6.39109899692833
158.0 6.47881078685581
159.0 6.56392793941976
160.0 6.24794233189226
161.0 6.38419656033681
162.0 6.26191882510327
163.0 6.15496745701453
164.0 6.36277316398354
165.0 6.15122172304846
166.0 6.20766987577796
167.0 6.51746499622939
168.0 6.38446455252235
169.0 6.30370731789001
170.0 6.13322831146098
171.0 6.48640253678548
172.0 6.11086572835976
173.0 6.26455170036497
174.0 6.32554059263787
175.0 6.15098727839539
176.0 6.28273362870955
177.0 6.29545446102968
178.0 6.33495085535932
179.0 6.24408597464774
180.0 6.19901911017227
181.0 6.21053054761334
182.0 6.45177147947048
183.0 6.29016834815847
184.0 6.64592892726268
185.0 6.15111402167752
186.0 6.75726094953593
187.0 6.5807478096008
188.0 6.74450789756159
189.0 6.75360583121454
190.0 6.85015050131875
191.0 6.69679477824218
192.0 6.85248399224989
193.0 6.98933125669602
194.0 6.72327392088994
195.0 6.7849276468712
196.0 6.71674779164709
197.0 6.86382030003599
198.0 7.12994668046954
199.0 7.25858930450291
200.0 7.05340072379025
