Electronics123
201
0.0 3.34105087917908
1.0 3.48343102801959
2.0 3.34351168479311
3.0 3.29105067741649
4.0 3.80405657516802
5.0 3.48360494389576
6.0 3.51118638245615
7.0 3.50576259166403
8.0 3.45237848283521
9.0 3.61852509586177
10.0 3.62309607385982
11.0 3.69181796405945
12.0 3.59492044117809
13.0 3.22313428589705
14.0 3.62487624036132
15.0 3.21706521449017
16.0 3.63984735569827
17.0 3.55980250112654
18.0 3.12363535684731
19.0 3.60569211481653
20.0 3.18328163798583
21.0 3.03823312585582
22.0 3.02391209448042
23.0 3.13814929528808
24.0 2.92367077039955
25.0 2.62422221475703
26.0 2.72482570044957
27.0 2.66470261929836
28.0 2.79823730394918
29.0 2.40781173625343
30.0 3.15322020919927
31.0 2.71866940883379
32.0 2.60573678732172
33.0 2.59928782839435
34.0 2.54087357454331
35.0 2.78824796221935
36.0 2.60525164729828
37.0 2.78482364379184
38.0 2.93933419960869
39.0 2.86603381522425
40.0 2.89134429256584
41.0 3.03786115504283
42.0 3.32086182786265
43.0 3.01343357579232
44.0 3.36038295475344
45.0 3.2997705082352
46.0 3.26461300182141
47.0 3.36773062082013
48.0 3.43979988259789
49.0 3.36396981732763
50.0 3.47527691014
51.0 3.64208842547641
52.0 3.70077603417184
53.0 3.64258942210263
54.0 3.64818812421729
55.0 4.31692024183741
56.0 3.76041923643624
57.0 3.55926990609101
58.0 3.65280094143675
59.0 3.7085143161093
60.0 3.56046936716177
61.0 3.59965751148585
62.0 3.61734421181736
63.0 3.35487898820159
64.0 3.38576920934632
65.0 3.41635877389426
66.0 3.35697291971526
67.0 3.25411244276278
68.0 2.91289698625458
69.0 3.15353526499509
70.0 2.90764508590842
71.0 2.84855155246084
72.0 2.79162543234714
73.0 2.54182549797157
74.0 2.51794094339708
75.0 2.27380495593598
76.0 2.43050629617853
77.0 2.17073321019232
78.0 1.67328493371043
79.0 1.76114123290739
80.0 1.95170695757985
81.0 1.89495039386473
82.0 1.43136687377324
83.0 1.72894525386869
84.0 1.59547358998212
85.0 1.89654065391492
86.0 1.66695210665078
87.0 1.40670412102584
88.0 1.3465903566334
89.0 1.423260909461
90.0 1.4141437251168
91.0 1.53116391823102
92.0 1.46656212983182
93.0 1.33671887704894
94.0 1.64422398016254
95.0 1.78561735088808
96.0 1.69779011085648
97.0 1.72975227443171
98.0 1.69073599731641
99.0 2.08366073878649
100.0 1.77296875182481
101.0 1.87848558054407
102.0 1.8473649197565
103.0 1.97983397558293
104.0 2.30844659783767
105.0 1.92043456170518
106.0 2.2282173441277
107.0 2.51395129542191
108.0 2.34057122372031
109.0 2.59823906178023
110.0 2.32607355517719
111.0 2.86106571670165
112.0 2.68976570957811
113.0 2.79191181645702
114.0 2.778964879552
115.0 2.54772717718583
116.0 2.72228782529444
117.0 2.48372303317623
118.0 2.71006528682959
119.0 2.18509245434501
120.0 2.54878410871983
121.0 2.16315381736011
122.0 2.57307045101258
123.0 2.59813681181925
124.0 2.56467597945319
125.0 2.53951226277896
126.0 2.40783022325088
127.0 2.55524016133706
128.0 2.45874032715625
129.0 2.39647445743688
130.0 2.26993037381609
131.0 2.26799785562258
132.0 2.1659520012983
133.0 1.93529699475972
134.0 2.2367206771093
135.0 2.37268232963339
136.0 2.15673117219709
137.0 2.04814628412266
138.0 2.04493614690823
139.0 1.99153414670516
140.0 1.99825053458115
141.0 2.41652350789338
142.0 1.85264252406515
143.0 2.08376228146968
144.0 1.9527820848633
145.0 1.95205296169308
146.0 2.01487952237009
147.0 2.02998689117864
148.0 2.35584972763639
149.0 2.18660695024911
150.0 2.15604752788854
151.0 2.01335380165404
152.0 1.68607658326674
153.0 1.82631029243557
154.0 1.7010709345645
155.0 1.69968345635965
156.0 1.6311292164869
157.0 1.61036643954666
158.0 1.86971777095801
159.0 1.69481570759465
160.0 1.64850560431677
161.0 1.67281760480758
162.0 1.63004539522681
163.0 1.31324552366055
164.0 1.75589004005857
165.0 1.22461422505945
166.0 1.58381578712823
167.0 1.66543397911765
168.0 1.10500293123169
169.0 1.24843870999429
170.0 1.42752579057595
171.0 1.08693529299612
172.0 1.64566477935779
173.0 1.3299260435337
174.0 1.05835232493546
175.0 1.02017150904115
176.0 1.22738768008593
177.0 1.09042229887478
178.0 1.33684948520805
179.0 1.58539060773495
180.0 1.45337702518909
181.0 1.30140358891793
182.0 1.45029558130611
183.0 1.48524041492152
184.0 1.25245881737581
185.0 1.15577768119019
186.0 1.1427997377622
187.0 1.46552852324425
188.0 1.51863872952531
189.0 1.78473398669637
190.0 1.73088301791583
191.0 1.89098663384745
192.0 1.87999657159526
193.0 2.0548495299264
194.0 1.597904307759
195.0 2.1499930976276
196.0 2.02236882940742
197.0 1.89900494834023
198.0 1.98396641970547
199.0 1.95475396789293
200.0 2.02425280158712
