EnviroLike
201
0.0 7.26114213952618
1.0 7.42607082493681
2.0 7.63927955776401
3.0 7.65462746381455
4.0 7.49768245280881
5.0 7.63838225086791
6.0 7.89826100146264
7.0 7.78542098085453
8.0 7.61043075059707
9.0 7.97631101589464
10.0 7.6760561062898
11.0 7.75559646594321
12.0 8.27740435688256
13.0 7.89736322967304
14.0 7.54938821818946
15.0 7.96997090241563
16.0 8.10500593919318
17.0 7.88319055324565
18.0 7.89329705419963
19.0 8.00078529475579
20.0 8.00923400365341
21.0 7.62998281086493
22.0 7.79270012739807
23.0 7.56753245397097
24.0 7.77104281998627
25.0 7.9059865644601
26.0 7.61855152206547
27.0 7.64201180876807
28.0 7.63118415295836
29.0 7.36215697484006
30.0 7.49944580472262
31.0 7.16057173853575
32.0 7.02265121594005
33.0 7.03297119056533
34.0 7.25427363717973
35.0 7.29804383718941
36.0 6.78507411942764
37.0 6.65554507216168
38.0 6.96749782505587
39.0 6.71947989609187
40.0 7.00295132204918
41.0 6.624745771648
42.0 6.6263875226085
43.0 6.42222828740841
44.0 6.73692621402878
45.0 6.54788087474518
46.0 6.34144525916742
47.0 6.55860397413483
48.0 6.62574628983247
49.0 6.7417085454951
50.0 6.45461070676922
51.0 6.87717457117036
52.0 6.71077478260144
53.0 6.69986223256479
54.0 6.53337478618365
55.0 6.85265282245015
56.0 6.86595411708981
57.0 6.71038909908001
58.0 6.90623404149149
59.0 6.67529918841443
60.0 7.01754955918101
61.0 6.73192322075807
62.0 7.02841563227268
63.0 6.56015016840003
64.0 6.81913361056169
65.0 6.94372575860805
66.0 6.89397495419793
67.0 6.78648469286243
68.0 6.77842181217939
69.0 6.77642532595258
70.0 6.75176749997003
71.0 6.52031996162604
72.0 6.77929876078514
73.0 6.77810184911992
74.0 6.57599967542263
75.0 6.64347047180169
76.0 6.54019055375689
77.0 6.55453136343232
78.0 6.71029136383735
79.0 6.50513210241749
80.0 6.3767127249586
81.0 6.30216430060413
82.0 6.42418202858005
83.0 6.61113566940031
84.0 6.64250074727131
85.0 6.207400618557
86.0 6.65465248212651
87.0 6.3876714106157
88.0 6.17831462383355
89.0 6.21068448436203
90.0 6.33021396739502
91.0 6.16871268139965
92.0 5.69311251569592
93.0 5.85263221616443
94.0 5.71980213739818
95.0 5.84698001982365
96.0 5.73428258320059
97.0 5.95341164770012
98.0 5.82079430104369
99.0 5.62419591115199
100.0 5.80827007098171
101.0 5.38835500780095
102.0 5.8656088672892
103.0 5.77562834844151
104.0 5.3873392605754
105.0 5.36056908828687
106.0 5.45910049035314
107.0 5.41877428878749
108.0 5.82213843815057
109.0 5.47422988813167
110.0 5.61866447266901
111.0 5.25245282691384
112.0 5.53925939260101
113.0 5.58296447555739
114.0 5.6409078180626
115.0 5.47369669570242
116.0 5.78772737782226
117.0 5.74274677563377
118.0 5.56515571959212
119.0 5.7300062264585
120.0 5.8885928702635
121.0 5.7561821726896
122.0 6.09783913880884
123.0 6.01582740373968
124.0 5.96656673238322
125.0 5.91183957032747
126.0 6.3039609489368
127.0 6.69222840068948
128.0 6.66168973991902
129.0 6.76413685950497
130.0 6.70435134755548
131.0 6.74342280407428
132.0 6.50056198882903
133.0 6.67161015737736
134.0 6.80979835194469
135.0 6.60625312901209
136.0 6.83948190361932
137.0 7.23420508978446
138.0 6.79824441240926
139.0 6.96377704473095
140.0 7.04846307463641
141.0 7.16288782574706
142.0 6.54155425808929
143.0 6.92926739420478
144.0 6.72920560557254
145.0 6.65396476408009
146.0 6.70244582442435
147.0 6.54272020360838
148.0 6.3660227476305
149.0 6.01877175984625
150.0 6.11075291214271
151.0 5.80216330449986
152.0 5.52314426786591
153.0 5.82647248106262
154.0 5.74899800496947
155.0 5.79727663445614
156.0 5.64116936557452
157.0 5.22720709927751
158.0 5.18295220870532
159.0 5.09935506723243
160.0 5.12315154624171
161.0 5.25485990307795
162.0 4.78846394261659
163.0 4.72556819339057
164.0 5.00287875713389
165.0 4.49344947263665
166.0 4.38038857593608
167.0 4.59003611428219
168.0 4.52069849578812
169.0 4.63622114510065
170.0 4.47427620357648
171.0 4.54198192325467
172.0 4.75780094436022
173.0 4.6100589825303
174.0 4.68845526266931
175.0 4.4627035210419
176.0 5.03927165914481
177.0 4.96818644108101
178.0 4.82106373034397
179.0 5.04757338810735
180.0 5.34024394797949
181.0 5.0419897888246
182.0 5.17266115995044
183.0 5.39798920552476
184.0 5.35371254109203
185.0 5.4550162015485
186.0 5.58682347129071
187.0 5.68742221043199
188.0 5.78972727944162
189.0 5.59981077282248
190.0 5.789906710513
191.0 5.96715176487478
192.0 5.82835494963303
193.0 6.10154061155184
194.0 6.16429410883593
195.0 6.07114327540044
196.0 6.10439941271696
197.0 6.17602311553225
198.0 6.25325517986939
199.0 6.26126226578374
200.0 5.90511573476993
