RoboticsX
201
0.0 6.40017556593842
1.0 6.3565470795174
2.0 6.48050802599857
3.0 6.35761868409787
4.0 6.3404135996002
5.0 6.03396071534787
6.0 6.07748709093152
7.0 6.05655476588546
8.0 5.9986812472938
9.0 5.64401477765533
10.0 5.70928573917804
11.0 5.86504217055169
12.0 5.65491150785404
13.0 5.74927106097573
14.0 5.57016914102624
15.0 5.5606471069354
16.0 5.42343706595454
17.0 5.51078736600307
18.0 5.53230056460844
19.0 5.30664789639736
20.0 5.16047222057487
21.0 5.31902537011274
22.0 5.15376563116185
23.0 4.96359888864581
24.0 5.51669738137552
25.0 5.20218330436957
26.0 5.08724510051271
27.0 5.21421245581599
28.0 5.3044766586221
29.0 5.25024266717382
30.0 5.21137870780577
31.0 5.49015913353512
32.0 5.38313105954425
33.0 5.67475551923653
34.0 5.34580405950819
35.0 5.51227540439847
36.0 5.69114579961635
37.0 5.70899031552522
38.0 5.62483762032788
39.0 5.57463898429402
40.0 5.94969124555748
41.0 6.22585582039563
42.0 6.06982255716055
43.0 6.09214876928016
44.0 6.35373060877177
45.0 6.23136344687743
46.0 6.35903170069239
47.0 6.41170788410384
48.0 6.31589558265872
49.0 6.26749509964365
50.0 6.66897467808057
51.0 6.6051438135509
52.0 6.7138541693208
53.0 6.6615528112884
54.0 6.79316031916645
55.0 6.76347560350054
56.0 6.82266285130775
57.0 6.70706753901886
58.0 6.58226915502861
59.0 6.81797916753191
60.0 6.7845408345214
61.0 6.56759227809418
62.0 6.59845944222652
63.0 6.67146280948108
64.0 6.53501262985138
65.0 6.61000433788362
66.0 6.79573310438461
67.0 6.47272360999318
68.0 6.50503215366471
69.0 6.39891512125401
70.0 6.15414358517043
71.0 6.43382271129721
72.0 6.30357664447513
73.0 6.18847753879668
74.0 6.11462414616052
75.0 6.10116060484126
76.0 5.85095308759648
77.0 5.98638050697363
78.0 5.59287847882074
79.0 5.83770990048809
80.0 5.93545124272122
81.0 5.60757182809945
82.0 5.67607180515219
83.0 5.86246995721956
84.0 5.37258067350784
85.0 5.6908615718878
86.0 5.09175083484367
87.0 5.25078633530334
88.0 5.5598244893769
89.0 5.53128605030447
90.0 5.46977533516646
91.0 5.36939343730798
92.0 5.46714684127746
93.0 5.31676617577306
94.0 5.42649950822854
95.0 5.44260687503484
96.0 5.63702457302347
97.0 5.64973698112063
98.0 5.3318654359569
99.0 5.32722958703034
100.0 5.66511053712107
101.0 5.78238406627826
102.0 5.69081762053174
103.0 5.45121554801542
104.0 5.60326905847099
105.0 5.53584863674986
106.0 5.62474256082528
107.0 5.71782815118337
108.0 5.85336095374407
109.0 5.97104268626386
110.0 5.86578872091702
111.0 6.15759045787248
112.0 6.00276063609238
113.0 6.23177553155561
114.0 6.1849990816396
115.0 6.04801418376609
116.0 6.22676040494689
117.0 5.98873489496037
118.0 5.86879906139967
119.0 6.32768884845332
120.0 6.19260214189341
121.0 6.10741519124832
122.0 6.23238216914915
123.0 6.06681566910231
124.0 5.75958880467898
125.0 5.96021814173461
126.0 5.85896346222166
127.0 5.85101296737939
128.0 5.75768866517547
129.0 5.66834032209307
130.0 5.88763894304331
131.0 5.71098004096659
132.0 5.81178634302186
133.0 5.80911079746083
134.0 5.56665699049533
135.0 5.53553198262587
136.0 5.27659387422656
137.0 5.28297147601654
138.0 5.12331455547806
139.0 5.30568277502724
140.0 5.07066203947177
141.0 4.91918270143566
142.0 4.84972549306819
143.0 4.94047722774342
144.0 4.83408340224431
145.0 4.91610078820584
146.0 4.67450407752823
147.0 5.0818150529853
148.0 4.74694766035213
149.0 4.78453294574231
150.0 4.74744675841117
151.0 4.90702270343817
152.0 5.03565339743715
153.0 4.78967194290467
154.0 4.7420612475663
155.0 4.75403437507419
156.0 4.75795144314035
157.0 4.74634235293908
158.0 4.95811401334993
159.0 4.91954189400004
160.0 5.20642263090241
161.0 4.97123568209897
162.0 4.94081502532467
163.0 4.99787934364929
164.0 5.05285653515828
165.0 5.18995364182968
166.0 5.53599924005602
167.0 5.57128698332568
168.0 5.42054126163568
169.0 5.42509359514359
170.0 5.32383773462827
171.0 5.69779561374257
172.0 5.51131384162141
173.0 5.65978210956069
174.0 5.75223614619639
175.0 5.88647319768748
176.0 5.88297188000876
177.0 5.71356507472725
178.0 6.05625395989713
179.0 5.85054130165851
180.0 5.87522318826821
181.0 6.03216254462976
182.0 5.97818503916797
183.0 6.13837910820307
184.0 5.967320072463
185.0 5.96035664284685
186.0 5.88447762679346
187.0 5.93587751706351
188.0 6.02028760328962
189.0 5.96567797367034
190.0 6.09077785043147
191.0 5.88378801784336
192.0 5.82158984931248
193.0 5.80906954615119
194.0 5.81879187946378
195.0 5.75496931514234
196.0 5.68948364348065
197.0 5.73219952850294
198.0 5.6066738485889
199.0 5.39892984245062
200.0 5.68600281185019
