ABCDE
101
0.0 6.55821159188995
1.0 6.50219533840973
2.0 6.5372455005905
3.0 6.61565406433335
4.0 6.27348935068234
5.0 6.480747503607
6.0 6.18533905685196
7.0 6.1452728350552
8.0 6.06524903603453
9.0 6.12630478469063
10.0 6.50089406622537
11.0 6.32998256380691
12.0 5.97524832032255
13.0 6.27470750494168
14.0 6.07142007195432
15.0 6.05392217437667
16.0 6.76178744784669
17.0 6.50900475275116
18.0 6.25793720591844
19.0 6.32939631770595
20.0 6.47797389294588
21.0 6.14367795602413
22.0 6.10873424140459
23.0 6.32273386312541
24.0 6.29324533076361
25.0 6.47759582193819
26.0 6.49529492831484
27.0 6.63608004083659
28.0 6.34857892217365
29.0 6.50642591710878
30.0 6.57838359205138
31.0 6.83144548363613
32.0 6.4231516145952
33.0 6.4085025844503
34.0 6.791597753121
35.0 6.88048916762836
36.0 6.80761854456974
37.0 6.94640373056597
38.0 6.83024597402711
39.0 6.54157862699822
40.0 6.79205979394234
41.0 6.76506533924113
42.0 6.90442767747772
43.0 6.59478672599722
44.0 6.65581897065591
45.0 6.92901218673632
46.0 6.84739123400132
47.0 6.78933456618844
48.0 6.87739092149215
49.0 6.69915016323616
50.0 6.89868859979342
51.0 6.53257220093282
52.0 6.44237854996745
53.0 6.55693343585452
54.0 6.81874134063576
55.0 6.48241373712036
56.0 6.30644936609478
57.0 6.23875918370069
58.0 6.15157188627657
59.0 6.05349399690119
60.0 6.02433951305747
61.0 6.04146729640471
62.0 6.15942764448001
63.0 5.93059792887749
64.0 6.17112421658446
65.0 6.15731392093037
66.0 5.95772278204858
67.0 5.91556904526155
68.0 5.88068472963494
69.0 5.86748058568051
70.0 6.06837700872669
71.0 5.74151287975038
72.0 5.76734492689451
73.0 6.07943269975952
74.0 5.83932227591507
75.0 5.95065918967482
76.0 5.73415949344215
77.0 5.4533621306976
78.0 5.64969370553877
79.0 6.08812499128473
80.0 6.15714154674089
81.0 5.92650889545863
82.0 6.1995945484213
83.0 6.14103409554693
84.0 5.86931553341625
85.0 6.32983494616134
86.0 6.22201748387078
87.0 6.00186528335297
88.0 6.27574055798902
89.0 6.32188349945427
90.0 6.42720457111261
91.0 6.69459986918433
92.0 6.14361143477158
93.0 6.82333403309462
94.0 6.33559628846009
95.0 6.87274936113502
96.0 6.8420252155967
97.0 6.7975561808457
98.0 6.69822913044431
99.0 6.62423499354506
100.0 6.97479958732926
