Apples
101
0.0 8.03246133895667
1.0 7.97095900078033
2.0 7.84377735459637
3.0 7.71759897195412
4.0 7.65025129508276
5.0 7.66606195686196
6.0 7.1841022247009
7.0 7.27705052031725
8.0 7.28986035494764
9.0 7.17532612888182
10.0 6.76677938247787
11.0 6.99622993290699
12.0 6.77819569349074
13.0 6.56292357117572
14.0 6.45906370488302
15.0 6.43023237885871
16.0 6.39591031002321
17.0 6.49256949019659
18.0 6.19495479169291
19.0 6.1027294466554
20.0 6.10129385364611
21.0 6.14348442591991
22.0 5.90326217670522
23.0 6.29250940875157
24.0 6.1311200960133
25.0 6.20262570990272
26.0 6.19327124072095
27.0 6.14977759856726
28.0 6.1048738187847
29.0 6.00019526337953
30.0 6.13266783520188
31.0 6.19208066866122
32.0 6.29282230286072
33.0 6.37034232444019
34.0 6.42517162990752
35.0 6.18436025853885
36.0 6.31594085266395
37.0 6.38756839395033
38.0 6.36712598201752
39.0 6.52994391779286
40.0 6.34947101326236
41.0 6.54596779130846
42.0 6.35051506680274
43.0 6.31818251161534
44.0 6.18828470368132
45.0 6.43942178455474
46.0 6.48015572772102
47.0 6.38381148876317
48.0 6.21408361696718
49.0 6.2936751930192
50.0 6.06683520658544
51.0 6.24509252482784
52.0 5.81517924950403
53.0 5.9309297893197
54.0 5.72076427293737
55.0 5.78396570937131
56.0 5.62830020849022
57.0 5.67578581833776
58.0 5.69402820670675
59.0 5.53955055375974
60.0 5.51121108006283
61.0 5.36196730144759
62.0 5.43611608568142
63.0 5.37846347144948
64.0 5.00846230255762
65.0 5.23292009001103
66.0 5.15326048053639
67.0 5.11394639564677
68.0 4.96921353833743
69.0 4.72343447500829
70.0 4.93686074105299
71.0 4.75829219813866
72.0 4.78889220977305
73.0 4.44170490287076
74.0 4.77898074762589
75.0 4.76646233450606
76.0 4.89848436785871
77.0 4.7728049411956
78.0 4.58141031900577
79.0 4.78578755818955
80.0 4.40250791669573
81.0 5.02670900145689
82.0 4.92071928199733
83.0 4.63761091511348
84.0 4.41956864325811
85.0 4.53229198774695
86.0 4.5900503999729
87.0 4.53413817112409
88.0 4.56235131052673
89.0 4.58898887080613
90.0 4.38026577055754
91.0 4.43537020325841
92.0 4.38544451102947
93.0 4.39520728538541
94.0 4.42437194368086
95.0 4.07699520446707
96.0 4.28891713902371
97.0 4.45167886103711
98.0 4.15220976303573
99.0 4.04698369530879
100.0 4.0370475352973
