BetterTechnology
101
0.0 2.45356388945556
1.0 2.46586428862933
2.0 2.59743269008866
3.0 2.6752878245591
4.0 2.56063372664975
5.0 2.82935472018424
6.0 2.80670407417279
7.0 2.76363814526089
8.0 2.79821277433422
9.0 3.00188559567478
10.0 2.98131785127071
11.0 2.94094126257092
12.0 3.02965322261578
13.0 3.07514090320871
14.0 3.17049924150112
15.0 3.03483294696245
16.0 3.05077342404822
17.0 3.17668850030738
18.0 3.20897049025652
19.0 3.18264686992688
20.0 3.3264640272777
21.0 3.32561944428757
22.0 3.31127350575087
23.0 3.38634685728225
24.0 3.3940031689858
25.0 3.4190121417016
26.0 3.61586436798794
27.0 3.53704037614465
28.0 3.5412873643272
29.0 3.62588266380411
30.0 3.72961568322332
31.0 3.8136962800726
32.0 3.68769706630447
33.0 3.86601109005745
34.0 3.7297712494159
35.0 3.79840058118545
36.0 3.88950893925982
37.0 3.89524363574525
38.0 3.96436717972032
39.0 3.92255496310734
40.0 4.05086108190077
41.0 4.07956122027436
42.0 4.06171958771391
43.0 4.08163812412267
44.0 4.15253208774289
45.0 4.1728113133742
46.0 4.27298710332931
47.0 4.2824897836308
48.0 4.22763880182458
49.0 4.25190869797218
50.0 4.2282748857678
51.0 4.27423512188257
52.0 4.55101886384728
53.0 4.2708660319328
54.0 4.52810962842901
55.0 4.42378225516094
56.0 4.33782591398958
57.0 4.36487333219111
58.0 4.33020637112297
59.0 4.56904267051923
60.0 4.37293195259983
61.0 4.37632720597877
62.0 4.42374934508378
63.0 4.40127403936242
64.0 4.27133128699985
65.0 4.40171364960861
66.0 4.33124572365136
67.0 4.37275442726783
68.0 4.36900355850898
69.0 4.38014612177561
70.0 4.3317654269255
71.0 4.46183698439212
72.0 4.35622310247171
73.0 4.4091036971766
74.0 4.37915753942175
75.0 4.28269080113496
76.0 4.28108557851835
77.0 4.2288850569207
78.0 4.21725355395335
79.0 4.17073449933798
80.0 4.11880090091407
81.0 4.0268198758057
82.0 4.12690644845598
83.0 4.03430398653056
84.0 3.77701657823909
85.0 3.75002956616185
86.0 3.72149038074291
87.0 3.42839741459179
88.0 3.53258144477458
89.0 3.31458910766533
90.0 3.33504830859051
91.0 3.17828413845219
92.0 3.1851871582043
93.0 2.95643724689351
94.0 2.92190767277095
95.0 2.65110791313763
96.0 2.63262639625974
97.0 2.32561322758886
98.0 2.42406651277255
99.0 2.21774783563273
100.0 1.97611841813133
