BetterTomorrow
101
0.0 3.46909699131121
1.0 3.23812055449804
2.0 3.46697489578952
3.0 3.25942997941504
4.0 3.08268934172184
5.0 3.25317863201353
6.0 3.1359764980615
7.0 2.96674210254163
8.0 2.89081604397661
9.0 3.05489605489494
10.0 2.87689124108473
11.0 3.08223328574521
12.0 2.57794475472486
13.0 2.63117837301639
14.0 2.49363486992407
15.0 2.82283024331845
16.0 2.58272419897301
17.0 2.44637290671529
18.0 2.54989480103975
19.0 2.42641642924674
20.0 2.56486760216484
21.0 2.31636269145228
22.0 2.31464174427945
23.0 2.35006344441764
24.0 2.04079283077027
25.0 2.06934225228466
26.0 2.09986484479409
27.0 2.03837525336087
28.0 2.06456279062218
29.0 1.98153889615385
30.0 2.15087466644816
31.0 2.03444513778203
32.0 1.84107367672578
33.0 1.93936487143815
34.0 2.16644919936509
35.0 1.85396560337305
36.0 2.06978129072706
37.0 1.79052739707629
38.0 2.02953578731216
39.0 1.98764612778602
40.0 2.03023777406082
41.0 1.94117022321807
42.0 2.11212670436902
43.0 2.14703577645048
44.0 1.94630926769265
45.0 2.03572958126552
46.0 1.74904729132428
47.0 1.99320829233917
48.0 1.93308324713673
49.0 1.93458691619231
50.0 2.11443587081952
51.0 1.79619943166015
52.0 1.74491806634339
53.0 1.90737950880112
54.0 1.82766965125193
55.0 1.86468720768138
56.0 1.60479753315155
57.0 1.60736335538924
58.0 1.77535124255324
59.0 1.59024496113849
60.0 1.55006604359058
61.0 1.49712919241731
62.0 1.39953549824776
63.0 1.21401978089121
64.0 1.10639185992503
65.0 1.22252093627662
66.0 0.954514525697482
67.0 1.10761502887782
68.0 1.11801148092275
69.0 0.886694426248793
70.0 0.838312967850704
71.0 1.02536047379304
72.0 0.791479843521101
73.0 0.947647938321116
74.0 0.605545428011821
75.0 0.848998983736383
76.0 0.697904113400778
77.0 0.477836142480423
78.0 0.5083645982867
79.0 0.511145718068428
80.0 0.472949078309194
81.0 0.388872992941069
82.0 0.537299056523433
83.0 0.684856140945047
84.0 0.722791981183276
85.0 0.475601221307265
86.0 0.554343765847688
87.0 0.591016071652887
88.0 0.71477744145553
89.0 0.683125897727622
90.0 0.559170931235406
91.0 0.770122504931953
92.0 0.910253544716383
93.0 0.759474203283741
94.0 0.712456564080803
95.0 0.899992780089405
96.0 1.06653265189805
97.0 1.07021396190271
98.0 0.940313418766974
99.0 0.87396824903759
100.0 1.03916888169975
