CPU-XYZ
101
0.0 6.05846013570856
1.0 5.81184796399453
2.0 5.66343321285626
3.0 5.86126558067399
4.0 5.57079047872754
5.0 5.76476503364901
6.0 5.7186430444753
7.0 5.48489543461744
8.0 5.72324455741682
9.0 5.72924822984779
10.0 5.42347511350746
11.0 5.37009617236002
12.0 5.54756226877231
13.0 5.37822946263716
14.0 5.13138623611817
15.0 5.39105732033022
16.0 5.12393007710516
17.0 4.93145287754141
18.0 4.94333648847251
19.0 4.70361788230465
20.0 4.65522359178493
21.0 4.48816623693113
22.0 4.50103398119142
23.0 4.10211901541412
24.0 4.56804978292964
25.0 4.10006610411643
26.0 4.0904395419637
27.0 3.85813529762623
28.0 3.70106446397385
29.0 3.65904942643009
30.0 3.60804762976331
31.0 3.43927382418422
32.0 3.39012614425101
33.0 3.29760693033778
34.0 3.50738886477715
35.0 3.34787740670571
36.0 3.43133701331448
37.0 3.28871408614139
38.0 3.42004244056002
39.0 3.5290712212224
40.0 3.53764791895762
41.0 3.43431043993113
42.0 3.56477494430887
43.0 3.57070722888755
44.0 3.38298059909354
45.0 3.7086580841388
46.0 3.49236070067011
47.0 3.44656389768119
48.0 3.92410559360195
49.0 3.77361186795599
50.0 4.20898676386311
51.0 4.04778191863306
52.0 4.11363696049046
53.0 4.18960232035574
54.0 4.26579854303873
55.0 4.40140578764344
56.0 4.48815427010158
57.0 4.77469016587436
58.0 4.70626761064275
59.0 4.58048718346264
60.0 4.8804572948979
61.0 4.74176375962654
62.0 4.79880811133392
63.0 4.95000331606421
64.0 4.9047490170561
65.0 4.67902238365603
66.0 4.91525711861788
67.0 5.04823765900916
68.0 4.79103828036791
69.0 5.19719337901406
70.0 4.65244298967348
71.0 4.58851539675173
72.0 4.82833444376394
73.0 4.74960468720204
74.0 4.44509166624338
75.0 4.57616307625309
76.0 4.61035215866041
77.0 4.3053314211483
78.0 4.35026941309055
79.0 4.22090512549631
80.0 4.3363595584588
81.0 4.34569452555632
82.0 4.39726865171524
83.0 4.50773140859075
84.0 4.21416739198209
85.0 4.22038794905805
86.0 4.07306319105044
87.0 4.05140542556984
88.0 3.91904427685809
89.0 3.88372610558294
90.0 4.18870271281957
91.0 4.07506732421701
92.0 4.34767505726035
93.0 3.89705703767358
94.0 4.12693106764628
95.0 4.41888023696128
96.0 4.36470226666403
97.0 4.38397355473828
98.0 4.4535629734164
99.0 4.39062781743872
100.0 4.53981634717058
