EnviroLike
101
0.0 7.26114213952618
1.0 7.42607082493681
2.0 7.63927955776401
3.0 7.65462746381455
4.0 7.49768245280881
5.0 7.63838225086791
6.0 7.89826100146264
7.0 7.78542098085453
8.0 7.61043075059707
9.0 7.97631101589464
10.0 7.6760561062898
11.0 7.75559646594321
12.0 8.27740435688256
13.0 7.89736322967304
14.0 7.54938821818946
15.0 7.96997090241563
16.0 8.10500593919318
17.0 7.88319055324565
18.0 7.89329705419963
19.0 8.00078529475579
20.0 8.00923400365341
21.0 7.62998281086493
22.0 7.79270012739807
23.0 7.56753245397097
24.0 7.77104281998627
25.0 7.9059865644601
26.0 7.61855152206547
27.0 7.64201180876807
28.0 7.63118415295836
29.0 7.36215697484006
30.0 7.49944580472262
31.0 7.16057173853575
32.0 7.02265121594005
33.0 7.03297119056533
34.0 7.25427363717973
35.0 7.29804383718941
36.0 6.78507411942764
37.0 6.65554507216168
38.0 6.96749782505587
39.0 6.71947989609187
40.0 7.00295132204918
41.0 6.624745771648
42.0 6.6263875226085
43.0 6.42222828740841
44.0 6.73692621402878
45.0 6.54788087474518
46.0 6.34144525916742
47.0 6.55860397413483
48.0 6.62574628983247
49.0 6.7417085454951
50.0 6.45461070676922
51.0 6.87717457117036
52.0 6.71077478260144
53.0 6.69986223256479
54.0 6.53337478618365
55.0 6.85265282245015
56.0 6.86595411708981
57.0 6.71038909908001
58.0 6.90623404149149
59.0 6.67529918841443
60.0 7.01754955918101
61.0 6.73192322075807
62.0 7.02841563227268
63.0 6.56015016840003
64.0 6.81913361056169
65.0 6.94372575860805
66.0 6.89397495419793
67.0 6.78648469286243
68.0 6.77842181217939
69.0 6.77642532595258
70.0 6.75176749997003
71.0 6.52031996162604
72.0 6.77929876078514
73.0 6.77810184911992
74.0 6.57599967542263
75.0 6.64347047180169
76.0 6.54019055375689
77.0 6.55453136343232
78.0 6.71029136383735
79.0 6.50513210241749
80.0 6.3767127249586
81.0 6.30216430060413
82.0 6.42418202858005
83.0 6.61113566940031
84.0 6.64250074727131
85.0 6.207400618557
86.0 6.65465248212651
87.0 6.3876714106157
88.0 6.17831462383355
89.0 6.21068448436203
90.0 6.33021396739502
91.0 6.16871268139965
92.0 5.69311251569592
93.0 5.85263221616443
94.0 5.71980213739818
95.0 5.84698001982365
96.0 5.73428258320059
97.0 5.95341164770012
98.0 5.82079430104369
99.0 5.62419591115199
100.0 5.80827007098171
