Fuel4
101
0.0 2.33987199318201
1.0 2.70881346865708
2.0 2.50713932301071
3.0 2.5350003025559
4.0 2.26006919134123
5.0 2.34063074555115
6.0 2.32639703172535
7.0 2.44270453988137
8.0 2.3493081838939
9.0 2.11120770356392
10.0 2.15895522196162
11.0 2.2596421002039
12.0 2.35841454011472
13.0 2.36017364906678
14.0 2.37137107127747
15.0 2.19858517790882
16.0 2.19900433600189
17.0 2.28854133519073
18.0 2.33922207176755
19.0 2.16530913822104
20.0 2.20956291083703
21.0 2.2989844041874
22.0 2.50904103629618
23.0 2.41809214029268
24.0 2.4849493805988
25.0 2.30452077768628
26.0 2.60835334867585
27.0 2.50692187322128
28.0 2.56030576206865
29.0 2.72553705352035
30.0 2.59427399919518
31.0 2.79750700220741
32.0 2.84678496180346
33.0 2.74932202776623
34.0 2.93426372738149
35.0 2.93360055287173
36.0 2.89586436610154
37.0 3.17920250524238
38.0 3.07437282200552
39.0 3.24680805940127
40.0 3.33618148533853
41.0 3.12436666034489
42.0 3.28917725810396
43.0 3.37492144904838
44.0 3.33092915994341
45.0 3.28541662457509
46.0 3.41520752682391
47.0 3.53598953804316
48.0 3.52019792419753
49.0 3.34362624705957
50.0 3.33290468625136
51.0 3.45179013989901
52.0 3.54865802018508
53.0 3.39630843195308
54.0 3.46097342530885
55.0 3.45232235779287
56.0 3.37670477403118
57.0 3.51732854661036
58.0 3.33008332655691
59.0 3.46946836796327
60.0 3.35231958863461
61.0 3.55030319043521
62.0 3.38370888896641
63.0 3.49228983684155
64.0 3.33501995632577
65.0 3.25502060864458
66.0 3.13638665486939
67.0 3.36219023933341
68.0 3.22467167712154
69.0 3.22485477656342
70.0 3.40038118273208
71.0 3.33172818705844
72.0 3.35168327772463
73.0 3.26829614060727
74.0 3.25298458288801
75.0 3.21728668594503
76.0 3.33283056440598
77.0 3.27136044119663
78.0 3.25168987304894
79.0 3.13226427483669
80.0 3.26849592095699
81.0 3.42912693709823
82.0 3.05049753571509
83.0 3.15345301648319
84.0 3.23073819722175
85.0 3.37488740419601
86.0 3.18110067051617
87.0 3.11121257756955
88.0 3.20583241583859
89.0 3.28607552433424
90.0 3.10282478353648
91.0 3.09955833773271
92.0 3.2719452878928
93.0 3.10926062793567
94.0 3.16797797858322
95.0 3.01545106362959
96.0 2.941382270997
97.0 3.21584183807427
98.0 3.21004916486033
99.0 3.21473614501584
100.0 3.06708197111682
