Lasers
101
0.0 4.89874468128276
1.0 4.79260237821714
2.0 4.74031568751896
3.0 4.65285041119419
4.0 4.68377423823636
5.0 4.53134678242826
6.0 4.46293194763895
7.0 4.36496412860403
8.0 4.32138124642316
9.0 4.24840733005202
10.0 4.11116546853876
11.0 4.11711114397868
12.0 3.98976368875484
13.0 3.88260709531585
14.0 3.84553436041926
15.0 3.69011180928386
16.0 3.7630568478307
17.0 3.73929990250081
18.0 3.7093964412742
19.0 3.60440165129334
20.0 3.64831654051777
21.0 3.53444834334232
22.0 3.58297875699456
23.0 3.56318118840239
24.0 3.58257349301254
25.0 3.60764317649902
26.0 3.63989312748581
27.0 3.78202659976729
28.0 3.69750478105079
29.0 3.76953713402047
30.0 3.88283922747734
31.0 3.94301980428442
32.0 3.90145585316843
33.0 3.96767548451829
34.0 4.0911725816173
35.0 4.16316988641684
36.0 4.15730385311152
37.0 4.13999996369544
38.0 4.25796613106702
39.0 4.34014024206106
40.0 4.36581798180874
41.0 4.46518232019861
42.0 4.37557614259494
43.0 4.4337779834099
44.0 4.47966864928775
45.0 4.45766787471398
46.0 4.43559855096931
47.0 4.40780234103982
48.0 4.4401705751964
49.0 4.34636866224148
50.0 4.27066360868194
51.0 4.1866439787659
52.0 4.12396183334239
53.0 4.13158779981602
54.0 4.02683127191973
55.0 3.99649026811281
56.0 3.90252316296797
57.0 3.79649779959791
58.0 3.74135007987063
59.0 3.65375734024739
60.0 3.54654649377719
61.0 3.49375410520992
62.0 3.35253984982703
63.0 3.31605969618886
64.0 3.28530777411962
65.0 3.26324160229411
66.0 3.21897509444649
67.0 3.10768918850968
68.0 3.14130748456838
69.0 3.03005732127267
70.0 2.99192146780976
71.0 3.01207858938166
72.0 3.1013144857212
73.0 3.00031427496059
74.0 3.03110490506013
75.0 3.00890055074205
76.0 3.08201959729107
77.0 3.07593299252593
78.0 3.12726787482661
79.0 3.15608104141643
80.0 3.27305079263119
81.0 3.28862832229263
82.0 3.27966079328525
83.0 3.36276010365434
84.0 3.4770471678023
85.0 3.49770428863455
86.0 3.67218368398083
87.0 3.70323434252545
88.0 3.72704409828438
89.0 3.75628813165907
90.0 3.836893412532
91.0 3.89200082320517
92.0 3.92099956027863
93.0 3.9720129821464
94.0 3.89978148218087
95.0 3.96719716215076
96.0 3.98045474889699
97.0 3.9623375180469
98.0 3.95255692003918
99.0 3.99735489935619
100.0 3.92899979006259
