MarsProject
101
0.0 4.35299680299677
1.0 4.30583182269874
2.0 4.54075510435228
3.0 4.31219234735082
4.0 4.48749088206892
5.0 4.61193861643216
6.0 4.55841712664954
7.0 4.62773131269159
8.0 4.8375180295792
9.0 4.75996301678094
10.0 5.02701053804947
11.0 4.81339430122305
12.0 4.83494772306599
13.0 4.98585986840332
14.0 5.32269422606746
15.0 4.98194102793987
16.0 5.24221167383525
17.0 5.26060591518598
18.0 5.40248563867105
19.0 5.24944432062388
20.0 5.60462109631286
21.0 5.44144916766892
22.0 5.42316941664415
23.0 5.66122581184856
24.0 5.86101775132715
25.0 5.72627744486498
26.0 5.90544402873065
27.0 5.9585510259743
28.0 5.94317955819308
29.0 5.86238194655866
30.0 6.19054031535689
31.0 6.17723230599351
32.0 6.0252522592511
33.0 6.15249673103271
34.0 6.58232556478133
35.0 6.33157835926497
36.0 6.28375056031885
37.0 6.28528269039502
38.0 6.18409732365099
39.0 6.19983732670557
40.0 6.57226894657061
41.0 6.38753684498374
42.0 6.43832679065376
43.0 6.42081761910969
44.0 6.33865349617578
45.0 6.53701125029607
46.0 6.23236214740676
47.0 6.18499921126382
48.0 6.37226583142053
49.0 6.28134102724773
50.0 6.16656068219167
51.0 6.38023710778564
52.0 6.39895021773855
53.0 6.07417386434538
54.0 6.26009588217319
55.0 5.99986923303711
56.0 6.16061718402501
57.0 6.12620354054509
58.0 6.20148275778789
59.0 6.13837957117114
60.0 6.19277095963673
61.0 6.15236560192785
62.0 5.90250973146975
63.0 6.01294841481759
64.0 5.97115978494164
65.0 6.05151638301213
66.0 6.16291333389635
67.0 5.9610687376613
68.0 6.13534974126406
69.0 5.83270538892267
70.0 5.71147427504022
71.0 5.93078017597475
72.0 5.97041207414262
73.0 5.79110230673544
74.0 5.7452771390439
75.0 5.93306163320724
76.0 5.83557903974325
77.0 5.84555530443531
78.0 6.11441731864529
79.0 6.02759982712445
80.0 6.12232309395951
81.0 6.06781438782364
82.0 6.12944085912482
83.0 6.03112464539377
84.0 6.2571939695979
85.0 6.28782723896097
86.0 6.40348010252094
87.0 6.38398610752783
88.0 6.26366663892074
89.0 6.50188931198602
90.0 6.40810744954049
91.0 6.51802947557945
92.0 6.21880021966795
93.0 6.51902367476198
94.0 6.5356859988109
95.0 6.52099203942282
96.0 6.70217037797316
97.0 6.62660487747555
98.0 6.74468192341082
99.0 6.59428061843722
100.0 6.71731769848247
