Moneymakers
101
0.0 5.45689670371839
1.0 5.44293732212441
2.0 5.48252165762317
3.0 5.39552508744768
4.0 5.51517522605879
5.0 5.53833296234916
6.0 5.49540721166119
7.0 5.33670439475
8.0 5.31739091075092
9.0 5.48008527652656
10.0 5.47625205346451
11.0 5.45360178364977
12.0 5.39627337013787
13.0 5.33947633457178
14.0 5.32245040281017
15.0 5.6638074854847
16.0 5.48096981273582
17.0 5.54708496554528
18.0 5.66090107397497
19.0 5.85310111780527
20.0 5.71661844585333
21.0 5.90345233728046
22.0 5.91619317357127
23.0 6.12427216351323
24.0 5.98807841203261
25.0 5.97953965576157
26.0 6.16788978926757
27.0 6.24548687138793
28.0 6.34890678430257
29.0 6.45093632566081
30.0 6.4488894820806
31.0 6.47170189356054
32.0 6.37155087558158
33.0 6.43226507204735
34.0 6.46672542590352
35.0 6.63074296704271
36.0 6.59876313467226
37.0 6.62860993584697
38.0 6.68050328833227
39.0 6.65826080127042
40.0 6.49078917840437
41.0 6.53988118594667
42.0 6.65672688490642
43.0 6.37262098045151
44.0 6.38934952946555
45.0 6.51641275145502
46.0 6.29674563773928
47.0 6.4314847209716
48.0 6.27747475046697
49.0 6.12612647521707
50.0 5.91687526347477
51.0 5.95944070642876
52.0 5.8574733449338
53.0 5.78997767312949
54.0 5.72021289125863
55.0 5.62437646074494
56.0 5.60931699245785
57.0 5.5498612190869
58.0 5.5353090149539
59.0 5.39890503169238
60.0 5.33851839383152
61.0 5.18889920575642
62.0 5.16963921279692
63.0 5.19532499719275
64.0 5.20620363806571
65.0 5.20797717629796
66.0 5.06680972357451
67.0 5.11925235857947
68.0 5.10291366934844
69.0 4.86525024337076
70.0 4.89884138780329
71.0 4.90261136063114
72.0 5.12449410821245
73.0 4.942116601616
74.0 5.00569080486099
75.0 5.13919947648901
76.0 5.2034247354832
77.0 5.1148204285322
78.0 5.00213930681132
79.0 5.36361452700976
80.0 5.3170296617681
81.0 5.28827851174016
82.0 5.38563689913195
83.0 5.47703901910234
84.0 5.57266723844206
85.0 5.57809982302205
86.0 5.74728634090871
87.0 5.7074565039445
88.0 5.61269898222152
89.0 5.82173972424054
90.0 5.57377731882749
91.0 5.64418711430113
92.0 5.90878663437848
93.0 5.86777434751197
94.0 5.73830403266873
95.0 5.82421184562048
96.0 5.83550260472956
97.0 5.78514444391666
98.0 5.73773027991342
99.0 5.76795813637381
100.0 5.91807444361149
