PearPear
101
0.0 3.76273670413743
1.0 3.75986336464546
2.0 3.77137129623417
3.0 3.7782795599303
4.0 3.79522099770944
5.0 3.84012423903906
6.0 3.86771517332387
7.0 3.90339513666768
8.0 3.90966220439782
9.0 3.94254496211532
10.0 3.97769104793041
11.0 4.0264705326844
12.0 4.04654335661545
13.0 4.07779897842908
14.0 4.14102956816248
15.0 4.14895995160322
16.0 4.19319437895042
17.0 4.21234531424797
18.0 4.25801301205197
19.0 4.24662280094815
20.0 4.2702915540006
21.0 4.3177632182471
22.0 4.32093101799775
23.0 4.33990330988203
24.0 4.34428868836262
25.0 4.3515970396891
26.0 4.36649706173176
27.0 4.35397415929792
28.0 4.359532310209
29.0 4.31028788730169
30.0 4.32615195352653
31.0 4.31322953769456
32.0 4.32859135675455
33.0 4.31663524516676
34.0 4.2995786439404
35.0 4.28290105364562
36.0 4.29112927271732
37.0 4.26588800997726
38.0 4.29746282873845
39.0 4.27444780996419
40.0 4.27419392577053
41.0 4.30188211080997
42.0 4.320168902624
43.0 4.35755532347422
44.0 4.38628330684838
45.0 4.42471882076734
46.0 4.46051306770122
47.0 4.51717532308359
48.0 4.58208513410737
49.0 4.67310585491498
50.0 4.74049753838211
51.0 4.81279661919451
52.0 4.95626806130208
53.0 5.03911379371746
54.0 5.17094861021107
55.0 5.31447190013678
56.0 5.4444058460294
57.0 5.56409431304573
58.0 5.71239996065597
59.0 5.88819495740465
60.0 6.04590730580662
61.0 6.18964022043898
62.0 6.34674233114483
63.0 6.51602114219837
64.0 6.66800370184746
65.0 6.82338470424167
66.0 6.99416886137893
67.0 7.16459832904412
68.0 7.3130993152491
69.0 7.43561617285387
70.0 7.62171736773649
71.0 7.75794134948527
72.0 7.88105446189095
73.0 7.99290658360005
74.0 8.09550486938578
75.0 8.19487434235503
76.0 8.29474329883477
77.0 8.35352452409634
78.0 8.40506687368751
79.0 8.46756735301608
80.0 8.48809887213886
81.0 8.53535271707869
82.0 8.54265428411641
83.0 8.55336262353703
84.0 8.57795336937893
85.0 8.5310305014709
86.0 8.50370912518629
87.0 8.43881970234724
88.0 8.40294568387758
89.0 8.36262771665146
90.0 8.29644459461741
91.0 8.21600354515668
92.0 8.1593106987346
93.0 8.03250275562959
94.0 7.96732876609048
95.0 7.85233411654186
96.0 7.78192599696192
97.0 7.6379125034453
98.0 7.56243458794431
99.0 7.4834400171294
100.0 7.37784095340069
