Photons
101
0.0 4.27778284841417
1.0 4.54421674627931
2.0 4.41425166896567
3.0 4.9240594927521
4.0 4.48397323932026
5.0 4.84053915249274
6.0 4.90006268140408
7.0 4.58550629006196
8.0 4.86695985456526
9.0 4.62595035308474
10.0 5.06413179775619
11.0 4.82132217749587
12.0 4.83762416101313
13.0 4.5909677660742
14.0 4.96316736982912
15.0 4.64890325552138
16.0 5.04636429717962
17.0 4.98334638826246
18.0 5.09532202563979
19.0 4.98323431893211
20.0 4.99145911320026
21.0 5.31913491906869
22.0 5.20159648920622
23.0 4.6761165633975
24.0 5.00746037270412
25.0 5.13225530553495
26.0 5.0347350046183
27.0 4.62962132081846
28.0 5.01681613541989
29.0 4.965948461469
30.0 4.93589747486225
31.0 5.08273349255516
32.0 4.76045265457029
33.0 4.81348955948946
34.0 4.71741826237793
35.0 4.84732155939354
36.0 5.19615079500287
37.0 4.3851940102882
38.0 4.48018337001812
39.0 4.44395787863231
40.0 4.20806823351257
41.0 4.62204896868129
42.0 4.23018682619479
43.0 4.51334452531056
44.0 4.56704111270258
45.0 4.48975120938983
46.0 4.19697284274032
47.0 4.41131477994348
48.0 4.41174547652451
49.0 3.76197116363637
50.0 4.06218243047752
51.0 3.91850705011124
52.0 3.66306540976753
53.0 3.78054089170139
54.0 3.61680583033595
55.0 3.65013986446574
56.0 3.4760596672305
57.0 3.61491605435209
58.0 3.68489062168154
59.0 3.05840400221984
60.0 3.46852645702148
61.0 3.16010848009479
62.0 3.13680236475981
63.0 3.20718348111813
64.0 3.12581717705451
65.0 3.14802663135563
66.0 2.9967835203891
67.0 2.85423082524457
68.0 3.23225778943986
69.0 3.21637385578109
70.0 2.73217631233365
71.0 2.73376891787347
72.0 3.10276367336505
73.0 2.88343855018494
74.0 2.6946672434931
75.0 3.14757300996509
76.0 3.03129951307645
77.0 2.97996492354831
78.0 2.94309249232326
79.0 3.07810812262465
80.0 2.91137898251578
81.0 3.00305193756688
82.0 2.85145026822714
83.0 2.72573525636903
84.0 2.75655845333911
85.0 2.67586778024861
86.0 2.79420939010588
87.0 2.6190442787682
88.0 2.32112014277433
89.0 2.80567109264806
90.0 2.24801961690978
91.0 2.40857226146545
92.0 2.60601040341411
93.0 2.31187266890711
94.0 2.41613795537481
95.0 2.68695160639804
96.0 2.56983342094477
97.0 2.5027042745959
98.0 2.41778078828879
99.0 2.10768136185772
100.0 2.59658954605801
