PositiveCorrelation
101
0.0 6.82844855030501
1.0 6.72375975217164
2.0 6.83818123568634
3.0 6.92805657605581
4.0 6.77489406084191
5.0 7.21334196807476
6.0 7.04827161156807
7.0 7.1154851253119
8.0 6.81544984515574
9.0 7.21439746565189
10.0 7.21303696100918
11.0 7.64806247191125
12.0 7.18121973063702
13.0 7.29280108075038
14.0 7.31300405470623
15.0 7.23819995624309
16.0 7.39640236032431
17.0 7.3189713534316
18.0 7.6322103880811
19.0 7.52038211551953
20.0 7.2380498584661
21.0 7.09991984557028
22.0 7.45160484583279
23.0 7.26873170847032
24.0 7.617572639043
25.0 7.23970237665926
26.0 7.1400916392911
27.0 7.63603221236128
28.0 7.54515243660303
29.0 7.34479530749532
30.0 7.51697126884419
31.0 7.20035504399442
32.0 7.10263284474073
33.0 7.35809491830255
34.0 7.29071819597552
35.0 7.52337811440504
36.0 6.85541160165134
37.0 7.39164530803659
38.0 7.24899842455557
39.0 7.31077068278507
40.0 7.11828677500469
41.0 7.11743322627582
42.0 7.39574656302836
43.0 7.35609522383313
44.0 7.5793841125444
45.0 7.24122638041537
46.0 7.49801660324932
47.0 7.14138249670757
48.0 7.54938993709979
49.0 7.37646926061738
50.0 7.25495669072709
51.0 7.24708570795872
52.0 7.55454871389793
53.0 7.12033013870012
54.0 7.17836792640555
55.0 6.95638944960041
56.0 7.38637708360715
57.0 7.51519008713139
58.0 7.40348142781517
59.0 7.43223426407545
60.0 7.82324822821187
61.0 7.76394816118558
62.0 7.52735676608917
63.0 7.69814672848124
64.0 7.83913415141451
65.0 7.61119907927513
66.0 7.50437382851731
67.0 7.52539162103054
68.0 7.54668032898509
69.0 7.68210348925309
70.0 7.81307791458552
71.0 7.59173876790674
72.0 7.37401722775213
73.0 7.68152474946832
74.0 7.32215272240126
75.0 7.63034201186629
76.0 7.84234765977018
77.0 8.11716318441697
78.0 7.78896500540604
79.0 7.6372805471013
80.0 7.17968628588815
81.0 7.56736145734989
82.0 7.49272487476614
83.0 7.35647972320997
84.0 7.72032008275123
85.0 7.24660388106265
86.0 7.04567091974999
87.0 7.48205953271325
88.0 7.50601915803328
89.0 7.56121546355822
90.0 7.61384892690267
91.0 7.33490605475932
92.0 7.0984444043683
93.0 6.8190872566876
94.0 6.88324160616946
95.0 7.414879643295
96.0 7.12879556215906
97.0 6.94081205841487
98.0 7.00324757127295
99.0 6.86831663263843
100.0 6.91849697218938
