SafeAndCare
101
0.0 6.3937690320373
1.0 6.35622078878665
2.0 6.42600260770661
3.0 6.4323985674149
4.0 6.44770192577412
5.0 6.49051143645618
6.0 6.47791303433116
7.0 6.4315088137684
8.0 6.5211149424239
9.0 6.44740260871877
10.0 6.46243011623035
11.0 6.46904802752682
12.0 6.44626013677955
13.0 6.33346519256881
14.0 6.3198727682322
15.0 6.28684911311727
16.0 6.25569826892771
17.0 6.30801721717222
18.0 6.2019647657769
19.0 6.19621943470263
20.0 6.04837525059327
21.0 6.01084646427452
22.0 5.94943984792124
23.0 5.85674570915662
24.0 5.77311860360531
25.0 5.72173747311007
26.0 5.58318867521722
27.0 5.49997653325346
28.0 5.45369042951686
29.0 5.38014482955176
30.0 5.30192698023057
31.0 5.24108072223737
32.0 5.03981431648895
33.0 5.06245441375765
34.0 4.93263975619815
35.0 4.83667715454137
36.0 4.74543787585332
37.0 4.67982941492019
38.0 4.64009059371865
39.0 4.48350621474402
40.0 4.42830033838352
41.0 4.41730045545912
42.0 4.3285325240967
43.0 4.25537941365795
44.0 4.21908584168507
45.0 4.20218810045819
46.0 4.11267240672408
47.0 4.13165755247844
48.0 4.04671016630727
49.0 4.03471204756294
50.0 4.05917753633494
51.0 3.96619520037256
52.0 3.95167349195287
53.0 3.97040500671752
54.0 3.98505771247383
55.0 4.00280796772523
56.0 3.93862507548004
57.0 3.92765128641277
58.0 3.90580136309901
59.0 4.02066725579351
60.0 3.9720153507844
61.0 4.04748704674432
62.0 4.06501023383974
63.0 4.00283162623205
64.0 4.03752035966578
65.0 4.14712507091537
66.0 4.0778740280605
67.0 4.16975767045153
68.0 4.1499759575777
69.0 4.21100080463048
70.0 4.1976136571073
71.0 4.13692906079234
72.0 4.19969702943277
73.0 4.21519274816205
74.0 4.23953567157811
75.0 4.26476335289249
76.0 4.31303552028018
77.0 4.28552002269403
78.0 4.21897117503979
79.0 4.29952987912583
80.0 4.25430611883992
81.0 4.28046491383111
82.0 4.26636486075134
83.0 4.23683540068299
84.0 4.16458219193359
85.0 4.16916266357915
86.0 4.2044941796682
87.0 4.21541437616187
88.0 4.114893427526
89.0 4.11893229904344
90.0 4.06110893729006
91.0 4.06479373832193
92.0 4.07525923724727
93.0 3.97182577336406
94.0 4.01636633024578
95.0 3.98394510076415
96.0 4.0148847475029
97.0 3.99169489296479
98.0 3.92794553339834
99.0 3.93189532665977
100.0 3.93645609819293
