SpaceNow
101
0.0 3.11046882902405
1.0 3.17460467759767
2.0 3.12528155653349
3.0 3.05840250763277
4.0 2.98863414408588
5.0 2.99420967372839
6.0 3.05875796103435
7.0 2.91913329283001
8.0 3.00516015847869
9.0 2.87065141051456
10.0 2.98249360490571
11.0 2.70779202382569
12.0 2.85417450286185
13.0 2.70341329396267
14.0 2.90692344723625
15.0 2.77259026148209
16.0 2.64926407586228
17.0 2.7074868609985
18.0 2.60468757360728
19.0 2.85940280757298
20.0 2.57811269297512
21.0 2.67641209268745
22.0 2.76251851089653
23.0 2.73256229808112
24.0 2.63521754073705
25.0 2.78383165313632
26.0 2.71371629549503
27.0 2.57685369619455
28.0 2.6001846592695
29.0 2.86390257503073
30.0 2.57991100740929
31.0 2.66632520166623
32.0 2.9784829278433
33.0 2.867427302358
34.0 2.9084756342419
35.0 2.82417796283024
36.0 3.07269962830886
37.0 2.87021624397239
38.0 3.01991453665672
39.0 2.81859424728865
40.0 2.88941422539102
41.0 2.66996106965123
42.0 3.10194676157287
43.0 2.94094308988118
44.0 3.12953687536275
45.0 3.07939345522241
46.0 3.14392644489581
47.0 3.20666973288777
48.0 3.22612562078368
49.0 3.05983437355771
50.0 3.1150389409389
51.0 2.82065574889419
52.0 3.09720355379232
53.0 2.94602744788411
54.0 3.07480187259896
55.0 3.10565084673342
56.0 3.04135123580467
57.0 3.20855798731818
58.0 3.18277601832416
59.0 3.20975200825051
60.0 3.18665689723281
61.0 3.15934850117699
62.0 3.01452599630992
63.0 3.29231564139057
64.0 3.32968599772304
65.0 3.19539242693816
66.0 3.15235628458989
67.0 3.04970350112305
68.0 3.25498414186653
69.0 3.26896427969915
70.0 3.33496859429944
71.0 3.48949688778171
72.0 3.21285714172375
73.0 3.29363738713336
74.0 3.49711843773365
75.0 3.53344552517794
76.0 3.54914590796739
77.0 3.48895076440277
78.0 3.5174439363186
79.0 3.55583843058403
80.0 3.43521592460805
81.0 3.58035294636912
82.0 3.58062264611231
83.0 3.6796663810297
84.0 3.8998534662469
85.0 3.74716132563442
86.0 3.82414628117098
87.0 3.77123355972033
88.0 3.62711479267255
89.0 3.6607350800229
90.0 3.73863752258887
91.0 3.50122289952553
92.0 3.44804170166927
93.0 3.58736081457078
94.0 3.53165959315008
95.0 3.56823864036552
96.0 3.65186653029644
97.0 3.55492251544628
98.0 3.48586947939084
99.0 3.41934675255687
100.0 3.33269589367416
