SuperFuture
101
0.0 6.11298874375418
1.0 6.13260523867289
2.0 6.10140547676755
3.0 6.05119965127256
4.0 6.01623760487851
5.0 6.05323560135205
6.0 5.99003318789006
7.0 5.95817956904821
8.0 6.04835285883217
9.0 6.04641768471034
10.0 5.99025695597155
11.0 5.98027957545065
12.0 6.03069117142343
13.0 6.07630009142789
14.0 6.09336176339754
15.0 6.14331777120986
16.0 6.11730059321457
17.0 6.16576017796036
18.0 6.2096063918171
19.0 6.192649217328
20.0 6.25816313209444
21.0 6.35503638234071
22.0 6.39573067221474
23.0 6.39664397966631
24.0 6.49430893991938
25.0 6.43425745621727
26.0 6.48191236767918
27.0 6.5187739844507
28.0 6.57077126317003
29.0 6.58994141327772
30.0 6.63108451777015
31.0 6.62162707140373
32.0 6.6927742073676
33.0 6.5869823656923
34.0 6.60411609943398
35.0 6.63423822582375
36.0 6.54305177648365
37.0 6.61831560286474
38.0 6.48882170239323
39.0 6.46567657333205
40.0 6.40047265628129
41.0 6.34630062575023
42.0 6.31478242153272
43.0 6.25969328226924
44.0 6.13940980384683
45.0 6.13528152254001
46.0 6.01010603412102
47.0 5.90095426430935
48.0 5.81905426624773
49.0 5.76793645770986
50.0 5.69446719206656
51.0 5.60780644290171
52.0 5.47518155627203
53.0 5.42357670586048
54.0 5.41350955969608
55.0 5.35642355915946
56.0 5.31162370363624
57.0 5.1795002914174
58.0 5.12574327046727
59.0 5.17035675770929
60.0 5.12390224006909
61.0 5.0983160016067
62.0 5.18806575902947
63.0 5.10472152224798
64.0 5.16449094675805
65.0 5.11809975464615
66.0 5.21646610748725
67.0 5.20072206489385
68.0 5.31293553231742
69.0 5.37107113582591
70.0 5.35893374976979
71.0 5.51568723328052
72.0 5.58872291147253
73.0 5.65881808113933
74.0 5.73388107464201
75.0 5.82013314464287
76.0 5.89032202130834
77.0 5.96114740433333
78.0 6.036063443638
79.0 6.19900663538634
80.0 6.34079247317254
81.0 6.35077097508161
82.0 6.51093436092943
83.0 6.52825445636783
84.0 6.60110337751671
85.0 6.67419915842948
86.0 6.73233424321461
87.0 6.71168885083231
88.0 6.79069834354425
89.0 6.8557115306526
90.0 6.83125399581337
91.0 6.96658560319266
92.0 6.9821096421034
93.0 6.99385926002502
94.0 7.02624354268185
95.0 7.02879161853295
96.0 7.03964674471961
97.0 6.99836978149708
98.0 6.97046918443327
99.0 7.00495273459781
100.0 6.97012897669762
