WaterForce
101
0.0 5.65306575649286
1.0 5.57411796444403
2.0 5.65589659665964
3.0 5.51398880475375
4.0 5.53690114219603
5.0 5.63595317926404
6.0 5.54154868059811
7.0 5.37503333512977
8.0 5.42807066414166
9.0 5.4122382123726
10.0 5.38378535835396
11.0 5.35097089211568
12.0 5.37907885601855
13.0 5.46663010764684
14.0 5.48983469922575
15.0 5.53823344443374
16.0 5.58017481014982
17.0 5.50356014681195
18.0 5.5609429663681
19.0 5.57665980271842
20.0 5.60104266746497
21.0 5.57735736554461
22.0 5.72299122150549
23.0 5.77229547175003
24.0 5.88419951533283
25.0 5.88118778853735
26.0 5.9345108856247
27.0 6.13108656872101
28.0 6.1499079490358
29.0 6.23337181378664
30.0 6.19678350814188
31.0 6.38311115586008
32.0 6.43034033257145
33.0 6.41060574880697
34.0 6.46378325883645
35.0 6.63163691527191
36.0 6.69503367401431
37.0 6.73386152513506
38.0 6.80252461383205
39.0 6.75874791825739
40.0 6.80751249012896
41.0 6.80832843922584
42.0 6.96144579509774
43.0 6.9202676722181
44.0 6.98864225568954
45.0 7.01065190333739
46.0 7.10901714621465
47.0 6.98315587749035
48.0 6.95834296140091
49.0 6.99422868058654
50.0 6.94037508291882
51.0 6.91305414969828
52.0 6.96206191500016
53.0 6.88962130548784
54.0 6.90538364939258
55.0 6.89821164179841
56.0 6.66949141313054
57.0 6.64204407689576
58.0 6.75252334953595
59.0 6.60242150215215
60.0 6.60307768212543
61.0 6.58877255699302
62.0 6.60994717295319
63.0 6.55476530417262
64.0 6.54261281514301
65.0 6.40659756793984
66.0 6.39739676798856
67.0 6.39126588882296
68.0 6.44450773342111
69.0 6.27778044649622
70.0 6.22563077278697
71.0 6.20529762498686
72.0 6.13376544691876
73.0 6.20187452598425
74.0 6.22846121528106
75.0 6.18566137028451
76.0 6.1430769652533
77.0 6.12808135844143
78.0 6.10538435784975
79.0 6.00685069696447
80.0 6.15601361091092
81.0 6.15685036558209
82.0 6.15613213269912
83.0 6.07667012386329
84.0 6.10906774014253
85.0 6.142203257434
86.0 5.99564043351009
87.0 6.08572461160713
88.0 6.07858237024422
89.0 6.05527273750572
90.0 5.96881896175552
91.0 5.95338854238859
92.0 6.00744654569239
93.0 5.95596368142484
94.0 5.87848124908348
95.0 5.85817413996853
96.0 5.79323862961934
97.0 5.77214053851211
98.0 5.68618898709109
99.0 5.63600802693835
100.0 5.51022431795481
