WorldNow
101
0.0 7.31139811972602
1.0 7.32607896883231
2.0 7.15438263189995
3.0 7.06485651384106
4.0 7.05042490420342
5.0 7.04741207863389
6.0 6.88672057016827
7.0 6.81771520665826
8.0 6.62114999834179
9.0 6.70198011861683
10.0 6.65166245147503
11.0 6.5327287097011
12.0 6.43137860129888
13.0 6.33465137357442
14.0 6.27300863398659
15.0 6.12449996537451
16.0 6.14140376137918
17.0 5.97234859591805
18.0 5.92169630973339
19.0 5.98287904864431
20.0 5.93603382090327
21.0 5.71807719874257
22.0 5.6588630275883
23.0 5.71411749794415
24.0 5.63247618452488
25.0 5.43956097822799
26.0 5.49025539327212
27.0 5.43264231717397
28.0 5.2991746637772
29.0 5.30962103054743
30.0 5.32154739348397
31.0 5.12961049391717
32.0 5.17309846615108
33.0 5.0991149031611
34.0 4.94006949957972
35.0 4.99426201192271
36.0 4.91585910379391
37.0 4.99511297114151
38.0 4.85026505523057
39.0 4.84400176904268
40.0 4.81670644989571
41.0 4.76563858538073
42.0 4.63814427694099
43.0 4.77927072314775
44.0 4.70923665985892
45.0 4.74338932220019
46.0 4.61917986353203
47.0 4.64345259476633
48.0 4.62650078932931
49.0 4.49548136854709
50.0 4.48721505451171
51.0 4.55584025272313
52.0 4.52978748857113
53.0 4.50228721743003
54.0 4.29934646102556
55.0 4.26619632580134
56.0 4.3291126844219
57.0 4.48844903577782
58.0 4.31355164580486
59.0 4.23936522196654
60.0 4.34683433750896
61.0 4.22369070158879
62.0 4.1069304413187
63.0 4.13605139813677
64.0 4.02363523142357
65.0 4.14132075532137
66.0 4.17068518605524
67.0 4.08208175089339
68.0 4.03393006057515
69.0 4.02961765552083
70.0 3.91176603543644
71.0 3.98074222714026
72.0 3.92061126362299
73.0 3.97420413408939
74.0 3.88682776997215
75.0 3.85118083255302
76.0 3.84082286460746
77.0 4.01452469064456
78.0 3.8024186570521
79.0 3.91271177624904
80.0 3.82958394489631
81.0 3.83549554756278
82.0 3.82096248294048
83.0 3.95407616190436
84.0 3.84053895840022
85.0 3.89565872933019
86.0 3.91930394339185
87.0 3.90949541922412
88.0 3.94648287514501
89.0 4.10867286718321
90.0 3.98531053373017
91.0 3.91062176862594
92.0 4.02197654415601
93.0 4.19009647372746
94.0 4.17203406337434
95.0 4.140188654409
96.0 4.15815916958238
97.0 4.33698769888383
98.0 4.28712951882095
99.0 4.37937613218675
100.0 4.3674964369912
