Apples
301
0.0 8.03246133895667
1.0 7.97095900078033
2.0 7.84377735459637
3.0 7.71759897195412
4.0 7.65025129508276
5.0 7.66606195686196
6.0 7.1841022247009
7.0 7.27705052031725
8.0 7.28986035494764
9.0 7.17532612888182
10.0 6.76677938247787
11.0 6.99622993290699
12.0 6.77819569349074
13.0 6.56292357117572
14.0 6.45906370488302
15.0 6.43023237885871
16.0 6.39591031002321
17.0 6.49256949019659
18.0 6.19495479169291
19.0 6.1027294466554
20.0 6.10129385364611
21.0 6.14348442591991
22.0 5.90326217670522
23.0 6.29250940875157
24.0 6.1311200960133
25.0 6.20262570990272
26.0 6.19327124072095
27.0 6.14977759856726
28.0 6.1048738187847
29.0 6.00019526337953
30.0 6.13266783520188
31.0 6.19208066866122
32.0 6.29282230286072
33.0 6.37034232444019
34.0 6.42517162990752
35.0 6.18436025853885
36.0 6.31594085266395
37.0 6.38756839395033
38.0 6.36712598201752
39.0 6.52994391779286
40.0 6.34947101326236
41.0 6.54596779130846
42.0 6.35051506680274
43.0 6.31818251161534
44.0 6.18828470368132
45.0 6.43942178455474
46.0 6.48015572772102
47.0 6.38381148876317
48.0 6.21408361696718
49.0 6.2936751930192
50.0 6.06683520658544
51.0 6.24509252482784
52.0 5.81517924950403
53.0 5.9309297893197
54.0 5.72076427293737
55.0 5.78396570937131
56.0 5.62830020849022
57.0 5.67578581833776
58.0 5.69402820670675
59.0 5.53955055375974
60.0 5.51121108006283
61.0 5.36196730144759
62.0 5.43611608568142
63.0 5.37846347144948
64.0 5.00846230255762
65.0 5.23292009001103
66.0 5.15326048053639
67.0 5.11394639564677
68.0 4.96921353833743
69.0 4.72343447500829
70.0 4.93686074105299
71.0 4.75829219813866
72.0 4.78889220977305
73.0 4.44170490287076
74.0 4.77898074762589
75.0 4.76646233450606
76.0 4.89848436785871
77.0 4.7728049411956
78.0 4.58141031900577
79.0 4.78578755818955
80.0 4.40250791669573
81.0 5.02670900145689
82.0 4.92071928199733
83.0 4.63761091511348
84.0 4.41956864325811
85.0 4.53229198774695
86.0 4.5900503999729
87.0 4.53413817112409
88.0 4.56235131052673
89.0 4.58898887080613
90.0 4.38026577055754
91.0 4.43537020325841
92.0 4.38544451102947
93.0 4.39520728538541
94.0 4.42437194368086
95.0 4.07699520446707
96.0 4.28891713902371
97.0 4.45167886103711
98.0 4.15220976303573
99.0 4.04698369530879
100.0 4.0370475352973
101.0 4.16324377492252
102.0 3.81615110697175
103.0 4.01776474410887
104.0 3.55809509452898
105.0 4.09128388715235
106.0 3.857573501255
107.0 3.99361456407423
108.0 3.72414679383538
109.0 3.79264665394522
110.0 4.02143471831771
111.0 3.58161763206605
112.0 3.79769845510541
113.0 3.39692290552523
114.0 3.34110462202247
115.0 3.73240070032494
116.0 3.65271812336849
117.0 3.59171315202169
118.0 3.66095007119417
119.0 3.61478105597712
120.0 3.73527716650919
121.0 3.81871854282136
122.0 3.87607089639593
123.0 3.79424950332143
124.0 3.93217534624394
125.0 3.96070450566135
126.0 3.97312328812519
127.0 3.91469145084485
128.0 3.6965270090797
129.0 4.06356380448165
130.0 4.11619318734892
131.0 4.00890288943228
132.0 4.35870275827959
133.0 4.32339619967716
134.0 4.21668188879625
135.0 4.54316845840304
136.0 4.59008445879597
137.0 4.69094537404385
138.0 4.45814934015852
139.0 4.71404221387852
140.0 4.59234864877478
141.0 4.38842182134968
142.0 4.71292040944285
143.0 4.77422592873243
144.0 5.11091570176137
145.0 4.91507035849455
146.0 5.07695052609367
147.0 4.87078371170438
148.0 5.05442774995473
149.0 4.82404766170438
150.0 5.11105487725612
151.0 4.83946754213176
152.0 5.16411363133797
153.0 4.99857786217929
154.0 4.9339867015709
155.0 4.90379700814285
156.0 5.14144794270997
157.0 4.93307772396547
158.0 5.08963779399873
159.0 5.00121638233861
160.0 5.09885967019383
161.0 5.09551956521629
162.0 5.0337695462936
163.0 5.00791763827695
164.0 4.99251480151604
165.0 5.23087634526083
166.0 5.22220252563318
167.0 5.45753181025328
168.0 5.28459307228735
169.0 5.08900129893212
170.0 5.51738042920341
171.0 5.24334955183654
172.0 5.51504462814925
173.0 5.41144871614565
174.0 5.60925212174304
175.0 5.53769566405507
176.0 5.48449509176094
177.0 5.53909133507467
178.0 5.58423964471208
179.0 5.65565485264826
180.0 6.03853472240663
181.0 5.84605044172403
182.0 5.8935950577963
183.0 6.0603056330487
184.0 5.81798860716113
185.0 5.88146555451821
186.0 5.91867629644431
187.0 5.92516267188411
188.0 6.25050786939936
189.0 6.00094511263871
190.0 5.91585948557504
191.0 6.03840932824847
192.0 5.99731449881293
193.0 5.94498069319162
194.0 6.14299224904787
195.0 5.8321403110384
196.0 6.09173514536717
197.0 6.23589678784121
198.0 6.32794325540518
199.0 6.21265548647896
200.0 5.98548916190314
201.0 5.98354215035489
202.0 6.12214739116392
203.0 6.09591625235299
204.0 5.85346220540146
205.0 5.68749169310876
206.0 5.8991626196684
207.0 6.15408464035899
208.0 5.9524749172351
209.0 5.80247924120306
210.0 5.89243723185988
211.0 6.09282507225316
212.0 6.09195015081261
213.0 6.03383228752827
214.0 6.12768533632101
215.0 6.10828253675542
216.0 6.1821253732576
217.0 6.07891219262967
218.0 6.15493812447309
219.0 6.29471077656561
220.0 6.37718385849549
221.0 6.3940370218682
222.0 6.66698393108324
223.0 6.7450081746458
224.0 6.90541196611015
225.0 6.83144313935879
226.0 6.83729501357258
227.0 6.88608650253964
228.0 6.80309786695316
229.0 7.17905933607663
230.0 7.07006440276499
231.0 7.40647418794872
232.0 7.41241985204397
233.0 7.47462334110578
234.0 7.58654284385388
235.0 7.47412610602591
236.0 7.50990470590539
237.0 7.43511228522267
238.0 7.45689253967014
239.0 7.4907507019117
240.0 7.60399146337064
241.0 7.48890607436159
242.0 7.534501851542
243.0 7.4793951444611
244.0 7.35784651664453
245.0 7.66603260003777
246.0 7.29330891511532
247.0 7.29984332502457
248.0 6.86728681766948
249.0 6.98839202763987
250.0 6.96710192017712
251.0 6.94253248555235
252.0 6.61952446563253
253.0 6.70010366781188
254.0 6.3224356433938
255.0 6.33319950108684
256.0 6.26610852814434
257.0 6.40751198180873
258.0 6.07795473811842
259.0 6.16619901991422
260.0 5.61745666894642
261.0 5.68296913814598
262.0 5.73566317794891
263.0 5.5170093027737
264.0 5.68973432490501
265.0 5.38602370618989
266.0 5.57015382951574
267.0 5.31052215099688
268.0 5.33800657489046
269.0 5.50068373414864
270.0 5.27444900907105
271.0 5.41986928358608
272.0 5.38850858853991
273.0 5.39151295739033
274.0 5.67050352673063
275.0 5.54169667837264
276.0 5.5079133604796
277.0 5.58340441648663
278.0 5.49503034432513
279.0 5.7423853934299
280.0 5.84264109379002
281.0 5.95780282108866
282.0 6.15330482625687
283.0 6.05606326523532
284.0 5.93793006617038
285.0 6.18808741991977
286.0 6.16781333608479
287.0 6.22163691917804
288.0 6.29406849495413
289.0 6.4527907389836
290.0 6.40587163071647
291.0 6.59699219843169
292.0 6.38412911005569
293.0 6.29533756339097
294.0 6.65924753829514
295.0 6.51624282880085
296.0 6.64735051070432
297.0 6.49276257193069
298.0 6.47827363574326
299.0 6.7406727158405
300.0 6.63085891007962
