BetterTechnology
301
0.0 2.45356388945556
1.0 2.46586428862933
2.0 2.59743269008866
3.0 2.6752878245591
4.0 2.56063372664975
5.0 2.82935472018424
6.0 2.80670407417279
7.0 2.76363814526089
8.0 2.79821277433422
9.0 3.00188559567478
10.0 2.98131785127071
11.0 2.94094126257092
12.0 3.02965322261578
13.0 3.07514090320871
14.0 3.17049924150112
15.0 3.03483294696245
16.0 3.05077342404822
17.0 3.17668850030738
18.0 3.20897049025652
19.0 3.18264686992688
20.0 3.3264640272777
21.0 3.32561944428757
22.0 3.31127350575087
23.0 3.38634685728225
24.0 3.3940031689858
25.0 3.4190121417016
26.0 3.61586436798794
27.0 3.53704037614465
28.0 3.5412873643272
29.0 3.62588266380411
30.0 3.72961568322332
31.0 3.8136962800726
32.0 3.68769706630447
33.0 3.86601109005745
34.0 3.7297712494159
35.0 3.79840058118545
36.0 3.88950893925982
37.0 3.89524363574525
38.0 3.96436717972032
39.0 3.92255496310734
40.0 4.05086108190077
41.0 4.07956122027436
42.0 4.06171958771391
43.0 4.08163812412267
44.0 4.15253208774289
45.0 4.1728113133742
46.0 4.27298710332931
47.0 4.2824897836308
48.0 4.22763880182458
49.0 4.25190869797218
50.0 4.2282748857678
51.0 4.27423512188257
52.0 4.55101886384728
53.0 4.2708660319328
54.0 4.52810962842901
55.0 4.42378225516094
56.0 4.33782591398958
57.0 4.36487333219111
58.0 4.33020637112297
59.0 4.56904267051923
60.0 4.37293195259983
61.0 4.37632720597877
62.0 4.42374934508378
63.0 4.40127403936242
64.0 4.27133128699985
65.0 4.40171364960861
66.0 4.33124572365136
67.0 4.37275442726783
68.0 4.36900355850898
69.0 4.38014612177561
70.0 4.3317654269255
71.0 4.46183698439212
72.0 4.35622310247171
73.0 4.4091036971766
74.0 4.37915753942175
75.0 4.28269080113496
76.0 4.28108557851835
77.0 4.2288850569207
78.0 4.21725355395335
79.0 4.17073449933798
80.0 4.11880090091407
81.0 4.0268198758057
82.0 4.12690644845598
83.0 4.03430398653056
84.0 3.77701657823909
85.0 3.75002956616185
86.0 3.72149038074291
87.0 3.42839741459179
88.0 3.53258144477458
89.0 3.31458910766533
90.0 3.33504830859051
91.0 3.17828413845219
92.0 3.1851871582043
93.0 2.95643724689351
94.0 2.92190767277095
95.0 2.65110791313763
96.0 2.63262639625974
97.0 2.32561322758886
98.0 2.42406651277255
99.0 2.21774783563273
100.0 1.97611841813133
101.0 2.01670004060571
102.0 1.85935683625369
103.0 1.75082315256443
104.0 1.56307057392647
105.0 1.59420678108412
106.0 1.36963384708575
107.0 1.29431687617635
108.0 1.21552346401276
109.0 1.2195473278691
110.0 0.970704307911256
111.0 0.870589604485329
112.0 0.833733004580335
113.0 0.815456823135978
114.0 0.78458215119447
115.0 0.797463071195557
116.0 0.715970045158848
117.0 0.680949283001374
118.0 0.618277558550386
119.0 0.742178062206201
120.0 0.571136018107889
121.0 0.734285494583141
122.0 0.658410375643482
123.0 0.770121077430778
124.0 0.59650331738897
125.0 0.687502523515657
126.0 0.803102983955993
127.0 0.756852884262517
128.0 0.859928527983797
129.0 0.954666770509568
130.0 1.01538150663758
131.0 0.985942703507457
132.0 1.05448162779212
133.0 1.19610903865707
134.0 1.19488840926602
135.0 1.30787971472515
136.0 1.34509034859097
137.0 1.38507485654572
138.0 1.41773237358039
139.0 1.32093898995631
140.0 1.46645979733613
141.0 1.43875570889935
142.0 1.63516570350768
143.0 1.53414193211028
144.0 1.67368054676726
145.0 1.50911722626323
146.0 1.60295321038516
147.0 1.52628178416735
148.0 1.6180245787742
149.0 1.59345103847512
150.0 1.47907130569924
151.0 1.67401527876194
152.0 1.61750670854411
153.0 1.48611467852811
154.0 1.54873410460366
155.0 1.41324411190978
156.0 1.50480694280565
157.0 1.47629104699422
158.0 1.47868153467671
159.0 1.47994974138642
160.0 1.2986267376906
161.0 1.34363054777557
162.0 1.31421918915895
163.0 1.21411186074378
164.0 1.21780804625107
165.0 1.23841187279911
166.0 1.32664122738288
167.0 1.14506140634485
168.0 1.11082414175425
169.0 1.12639782266921
170.0 1.13041880268951
171.0 1.16776145553034
172.0 1.24198193214524
173.0 1.26680587217956
174.0 1.21840941902061
175.0 1.28911046451096
176.0 1.21616839229664
177.0 1.34985387267939
178.0 1.52110355565937
179.0 1.49380792088349
180.0 1.72458239451014
181.0 1.59967797812681
182.0 1.65578895564744
183.0 1.734917661206
184.0 1.94217896533074
185.0 2.0021049851007
186.0 2.01905243478762
187.0 2.19782798877502
188.0 2.47031538317744
189.0 2.48493008722615
190.0 2.54027855300949
191.0 2.47363909629886
192.0 2.78167918316458
193.0 2.90269168616908
194.0 3.00111889603809
195.0 3.23123658715965
196.0 3.25359121285948
197.0 3.32100988281736
198.0 3.55182773238833
199.0 3.61442017196532
200.0 3.70643924267871
201.0 3.65626392866909
202.0 3.68677751279488
203.0 3.9117844126982
204.0 3.98981602178902
205.0 4.05610227335299
206.0 4.13916062108616
207.0 4.20318930001817
208.0 4.27720600744606
209.0 4.44093258711737
210.0 4.45241747569571
211.0 4.54343726782034
212.0 4.50346539760991
213.0 4.6141932704844
214.0 4.60359966736247
215.0 4.76014681045987
216.0 4.85285151977496
217.0 4.81011841465486
218.0 4.90219717793347
219.0 4.82778189294021
220.0 4.82431594402174
221.0 4.90053573370766
222.0 4.9724136714414
223.0 4.94935618589966
224.0 4.94557957566876
225.0 5.03121621504487
226.0 4.90897191800661
227.0 5.10039709375644
228.0 4.92470970888862
229.0 4.92432971528914
230.0 4.97878646716876
231.0 4.94443720087461
232.0 5.07762324535096
233.0 4.93722266379076
234.0 4.97387248632052
235.0 4.82077786193848
236.0 4.76934195819525
237.0 4.82992152562714
238.0 4.65517527582773
239.0 4.70926794101808
240.0 4.68704211487897
241.0 4.63143691104495
242.0 4.67212161233074
243.0 4.51988437336903
244.0 4.40114210875344
245.0 4.46753009792958
246.0 4.38256713038568
247.0 4.35731455992087
248.0 4.18546323086515
249.0 4.2445090226085
250.0 4.08646981122126
251.0 3.99855104887538
252.0 4.11998598073031
253.0 3.76959393221783
254.0 3.87873806804809
255.0 3.72313065164812
256.0 3.63756285879982
257.0 3.65886887043322
258.0 3.75106009482133
259.0 3.48471451337801
260.0 3.43668097172976
261.0 3.37218124210713
262.0 3.29746387271671
263.0 3.23510605117024
264.0 3.16154999699099
265.0 3.21052168167917
266.0 3.14368427968848
267.0 3.10701528748179
268.0 2.78564532998523
269.0 2.86493056400553
270.0 2.79616623201239
271.0 2.82621947255128
272.0 2.6609736333483
273.0 2.70165140822497
274.0 2.71332682879846
275.0 2.67038966285905
276.0 2.60259935259198
277.0 2.65265316217932
278.0 2.62500692910666
279.0 2.58618847296274
280.0 2.60673149124234
281.0 2.60153715505688
282.0 2.62391633923197
283.0 2.63043398880819
284.0 2.36127985467725
285.0 2.59756787118846
286.0 2.49324293737495
287.0 2.58391882449134
288.0 2.5066571987107
289.0 2.51557106803075
290.0 2.55738758324237
291.0 2.51084407247258
292.0 2.45133279802
293.0 2.29946717695083
294.0 2.29429098198932
295.0 2.27212087149796
296.0 2.20208103827687
297.0 2.17214042566258
298.0 2.20805269193679
299.0 2.09909947778526
300.0 1.9290612818307
