Fuel4
301
0.0 2.33987199318201
1.0 2.70881346865708
2.0 2.50713932301071
3.0 2.5350003025559
4.0 2.26006919134123
5.0 2.34063074555115
6.0 2.32639703172535
7.0 2.44270453988137
8.0 2.3493081838939
9.0 2.11120770356392
10.0 2.15895522196162
11.0 2.2596421002039
12.0 2.35841454011472
13.0 2.36017364906678
14.0 2.37137107127747
15.0 2.19858517790882
16.0 2.19900433600189
17.0 2.28854133519073
18.0 2.33922207176755
19.0 2.16530913822104
20.0 2.20956291083703
21.0 2.2989844041874
22.0 2.50904103629618
23.0 2.41809214029268
24.0 2.4849493805988
25.0 2.30452077768628
26.0 2.60835334867585
27.0 2.50692187322128
28.0 2.56030576206865
29.0 2.72553705352035
30.0 2.59427399919518
31.0 2.79750700220741
32.0 2.84678496180346
33.0 2.74932202776623
34.0 2.93426372738149
35.0 2.93360055287173
36.0 2.89586436610154
37.0 3.17920250524238
38.0 3.07437282200552
39.0 3.24680805940127
40.0 3.33618148533853
41.0 3.12436666034489
42.0 3.28917725810396
43.0 3.37492144904838
44.0 3.33092915994341
45.0 3.28541662457509
46.0 3.41520752682391
47.0 3.53598953804316
48.0 3.52019792419753
49.0 3.34362624705957
50.0 3.33290468625136
51.0 3.45179013989901
52.0 3.54865802018508
53.0 3.39630843195308
54.0 3.46097342530885
55.0 3.45232235779287
56.0 3.37670477403118
57.0 3.51732854661036
58.0 3.33008332655691
59.0 3.46946836796327
60.0 3.35231958863461
61.0 3.55030319043521
62.0 3.38370888896641
63.0 3.49228983684155
64.0 3.33501995632577
65.0 3.25502060864458
66.0 3.13638665486939
67.0 3.36219023933341
68.0 3.22467167712154
69.0 3.22485477656342
70.0 3.40038118273208
71.0 3.33172818705844
72.0 3.35168327772463
73.0 3.26829614060727
74.0 3.25298458288801
75.0 3.21728668594503
76.0 3.33283056440598
77.0 3.27136044119663
78.0 3.25168987304894
79.0 3.13226427483669
80.0 3.26849592095699
81.0 3.42912693709823
82.0 3.05049753571509
83.0 3.15345301648319
84.0 3.23073819722175
85.0 3.37488740419601
86.0 3.18110067051617
87.0 3.11121257756955
88.0 3.20583241583859
89.0 3.28607552433424
90.0 3.10282478353648
91.0 3.09955833773271
92.0 3.2719452878928
93.0 3.10926062793567
94.0 3.16797797858322
95.0 3.01545106362959
96.0 2.941382270997
97.0 3.21584183807427
98.0 3.21004916486033
99.0 3.21473614501584
100.0 3.06708197111682
101.0 3.08725460468192
102.0 3.01498684543394
103.0 3.07336158852788
104.0 3.12971140641873
105.0 2.90871283018062
106.0 2.98127985937318
107.0 2.98227431551459
108.0 3.10783644972438
109.0 2.92320470283295
110.0 2.98129380919073
111.0 3.09271293350454
112.0 2.89761526984777
113.0 3.10443851800076
114.0 2.92560669430282
115.0 3.06519975342567
116.0 3.07934031030202
117.0 3.20625768082723
118.0 3.14753832369585
119.0 3.19830064285855
120.0 3.26817081842464
121.0 3.23051460103854
122.0 3.28052091715185
123.0 3.36526337346104
124.0 3.32230835778685
125.0 3.4430431693201
126.0 3.46475921442436
127.0 3.51755803247369
128.0 3.55827538661432
129.0 3.58699446619242
130.0 3.85914102525394
131.0 3.78070909112523
132.0 3.89469685819407
133.0 3.88112089727824
134.0 3.85754358243669
135.0 4.045283975823
136.0 4.20597107713377
137.0 4.22683222702482
138.0 4.08400536647795
139.0 4.10346647763407
140.0 4.13716440428927
141.0 4.10567532982115
142.0 4.08289433933429
143.0 4.00379998171965
144.0 4.17023602414798
145.0 4.13160275357591
146.0 3.95122486809915
147.0 3.98963036659108
148.0 3.94417353785903
149.0 3.94307091862615
150.0 4.06797857099607
151.0 3.89248346461376
152.0 3.99488144386881
153.0 3.71626474518288
154.0 3.81633142992524
155.0 3.62854878350422
156.0 3.62226297470215
157.0 3.56300870701985
158.0 3.4436214091445
159.0 3.28651668185607
160.0 3.50892688030727
161.0 3.36535945644666
162.0 3.26171101790498
163.0 3.17134643998796
164.0 3.09530470296796
165.0 3.15175170227757
166.0 3.02505280607127
167.0 3.00869718960847
168.0 3.05799071239715
169.0 2.95316108045836
170.0 2.8820799940286
171.0 2.88861813856431
172.0 3.08338271380573
173.0 2.90498800568103
174.0 3.01702027985183
175.0 2.856703100351
176.0 2.91838491492859
177.0 2.89289837799652
178.0 3.0465566209496
179.0 3.06213994194553
180.0 3.24983387930215
181.0 3.16939590617496
182.0 3.13778573892902
183.0 3.33362681923364
184.0 3.51042022206232
185.0 3.58784606284367
186.0 3.84483670389147
187.0 3.82863746695288
188.0 3.79484784473889
189.0 3.86594785355168
190.0 3.94254654949462
191.0 4.03488778603628
192.0 4.29834220990309
193.0 4.25022902386748
194.0 4.21688243429777
195.0 4.20478395325708
196.0 4.63167959523234
197.0 4.62392747126464
198.0 4.66227021246438
199.0 4.88166848826259
200.0 4.74881431583607
201.0 4.68563984507403
202.0 4.71343414800241
203.0 4.78507217235831
204.0 4.70365354456148
205.0 5.01353815848572
206.0 4.75793791835841
207.0 4.75352412610062
208.0 4.82221298987832
209.0 4.6721665845043
210.0 4.84514843532029
211.0 4.66571091603355
212.0 4.5137599672754
213.0 4.58826140192384
214.0 4.63318824127771
215.0 4.54631556269658
216.0 4.4843239518897
217.0 4.31073147788334
218.0 4.25962905901211
219.0 4.3281315574748
220.0 4.13412672041403
221.0 4.15860674501902
222.0 4.09632502179843
223.0 3.87577337247692
224.0 3.97938743573928
225.0 3.943121811399
226.0 3.92452065004869
227.0 3.83241533763809
228.0 3.81184395485643
229.0 3.5821072834879
230.0 3.75224724172612
231.0 3.68383726766687
232.0 3.50114342028181
233.0 3.49556337253233
234.0 3.59682630458786
235.0 3.69444603971074
236.0 3.69934168978872
237.0 3.71370688180835
238.0 3.58258109121752
239.0 3.65036259056456
240.0 3.62627881676067
241.0 3.77225824745228
242.0 3.77522339530244
243.0 3.72812370322697
244.0 3.73618431752445
245.0 3.82317102366786
246.0 3.87353370268231
247.0 3.90035437640959
248.0 3.85489364034533
249.0 3.98022613339851
250.0 3.82223727937016
251.0 3.86382003871261
252.0 4.12692698306314
253.0 4.05630954174407
254.0 4.09561084627408
255.0 4.01736636145587
256.0 3.98069613687942
257.0 4.09586945664226
258.0 4.14886047973114
259.0 4.12677395744575
260.0 4.14248737542331
261.0 3.8075907820452
262.0 3.98246592098728
263.0 4.12186559278583
264.0 4.08501069994524
265.0 3.94346689738366
266.0 3.94382712557739
267.0 3.83913217097374
268.0 3.92014831914903
269.0 3.89950676585141
270.0 3.79315954693964
271.0 3.6479003085129
272.0 3.6816650972293
273.0 3.68557664983691
274.0 3.59799942119961
275.0 3.81973170088889
276.0 3.77354998246177
277.0 3.36560725522278
278.0 3.6454772762077
279.0 3.68595296561679
280.0 3.58740430370151
281.0 3.61316637299332
282.0 3.44420327525127
283.0 3.57958121245278
284.0 3.60651708849183
285.0 3.47698987487671
286.0 3.73405329164881
287.0 3.48693797442745
288.0 3.5400464446365
289.0 3.58162867520024
290.0 3.64191818773334
291.0 3.63891629223174
292.0 3.5618964435443
293.0 3.60690098911382
294.0 3.79946448095873
295.0 3.8742783315563
296.0 3.91862360153184
297.0 3.76568987602113
298.0 3.88698676893026
299.0 3.80417552109554
300.0 4.08923065602864
