Lasers
301
0.0 4.89874468128276
1.0 4.79260237821714
2.0 4.74031568751896
3.0 4.65285041119419
4.0 4.68377423823636
5.0 4.53134678242826
6.0 4.46293194763895
7.0 4.36496412860403
8.0 4.32138124642316
9.0 4.24840733005202
10.0 4.11116546853876
11.0 4.11711114397868
12.0 3.98976368875484
13.0 3.88260709531585
14.0 3.84553436041926
15.0 3.69011180928386
16.0 3.7630568478307
17.0 3.73929990250081
18.0 3.7093964412742
19.0 3.60440165129334
20.0 3.64831654051777
21.0 3.53444834334232
22.0 3.58297875699456
23.0 3.56318118840239
24.0 3.58257349301254
25.0 3.60764317649902
26.0 3.63989312748581
27.0 3.78202659976729
28.0 3.69750478105079
29.0 3.76953713402047
30.0 3.88283922747734
31.0 3.94301980428442
32.0 3.90145585316843
33.0 3.96767548451829
34.0 4.0911725816173
35.0 4.16316988641684
36.0 4.15730385311152
37.0 4.13999996369544
38.0 4.25796613106702
39.0 4.34014024206106
40.0 4.36581798180874
41.0 4.46518232019861
42.0 4.37557614259494
43.0 4.4337779834099
44.0 4.47966864928775
45.0 4.45766787471398
46.0 4.43559855096931
47.0 4.40780234103982
48.0 4.4401705751964
49.0 4.34636866224148
50.0 4.27066360868194
51.0 4.1866439787659
52.0 4.12396183334239
53.0 4.13158779981602
54.0 4.02683127191973
55.0 3.99649026811281
56.0 3.90252316296797
57.0 3.79649779959791
58.0 3.74135007987063
59.0 3.65375734024739
60.0 3.54654649377719
61.0 3.49375410520992
62.0 3.35253984982703
63.0 3.31605969618886
64.0 3.28530777411962
65.0 3.26324160229411
66.0 3.21897509444649
67.0 3.10768918850968
68.0 3.14130748456838
69.0 3.03005732127267
70.0 2.99192146780976
71.0 3.01207858938166
72.0 3.1013144857212
73.0 3.00031427496059
74.0 3.03110490506013
75.0 3.00890055074205
76.0 3.08201959729107
77.0 3.07593299252593
78.0 3.12726787482661
79.0 3.15608104141643
80.0 3.27305079263119
81.0 3.28862832229263
82.0 3.27966079328525
83.0 3.36276010365434
84.0 3.4770471678023
85.0 3.49770428863455
86.0 3.67218368398083
87.0 3.70323434252545
88.0 3.72704409828438
89.0 3.75628813165907
90.0 3.836893412532
91.0 3.89200082320517
92.0 3.92099956027863
93.0 3.9720129821464
94.0 3.89978148218087
95.0 3.96719716215076
96.0 3.98045474889699
97.0 3.9623375180469
98.0 3.95255692003918
99.0 3.99735489935619
100.0 3.92899979006259
101.0 3.970038013677
102.0 3.93151241543533
103.0 3.8298080964118
104.0 3.83968428469319
105.0 3.65921570545176
106.0 3.67805740381081
107.0 3.62472605126378
108.0 3.6059158011403
109.0 3.52054953580727
110.0 3.43332488600701
111.0 3.42799326260686
112.0 3.39761298205636
113.0 3.36923252761558
114.0 3.29344743768006
115.0 3.31992747297347
116.0 3.18066029003718
117.0 3.24205571515502
118.0 3.10459237722779
119.0 3.25273907808139
120.0 3.20822772405415
121.0 3.09934300405123
122.0 3.21877010799457
123.0 3.15848196682137
124.0 3.23581158246937
125.0 3.23969563178641
126.0 3.27961147241412
127.0 3.33125446080875
128.0 3.24376097879524
129.0 3.33753871667713
130.0 3.30155307462736
131.0 3.37115396495395
132.0 3.39846010330423
133.0 3.39848790194005
134.0 3.41673854405007
135.0 3.37584783840004
136.0 3.45594720994719
137.0 3.50381041782849
138.0 3.45699596760894
139.0 3.51685803119259
140.0 3.46558767037861
141.0 3.45782032580309
142.0 3.38770707484567
143.0 3.36859194207103
144.0 3.32627299998237
145.0 3.28914634573003
146.0 3.188352299665
147.0 3.20705572603456
148.0 3.11020166442144
149.0 3.09153609677176
150.0 2.98817611288672
151.0 2.90230181706191
152.0 2.85461973470875
153.0 2.76452550654277
154.0 2.63453151794304
155.0 2.62678184651797
156.0 2.41580716776907
157.0 2.43794431792691
158.0 2.39659536450494
159.0 2.34273715503462
160.0 2.28562591129054
161.0 2.17384191119012
162.0 2.16542310788083
163.0 2.20931624021027
164.0 2.20011717909796
165.0 2.23209136627783
166.0 2.20973763629013
167.0 2.22925862649449
168.0 2.1999598670755
169.0 2.29987547495135
170.0 2.42082858525807
171.0 2.46512813194751
172.0 2.59808838139976
173.0 2.62327159099781
174.0 2.72436480016236
175.0 2.83922200530049
176.0 2.98350312468465
177.0 3.0863157423683
178.0 3.26834614382527
179.0 3.37554336177806
180.0 3.5393077659501
181.0 3.65271625254676
182.0 3.79732228555788
183.0 3.93238465246014
184.0 4.05357648169858
185.0 4.14071148887695
186.0 4.268467090345
187.0 4.38050551357609
188.0 4.52752383484506
189.0 4.54748212293722
190.0 4.65071296055607
191.0 4.64945976340202
192.0 4.70492796192517
193.0 4.78095097727422
194.0 4.77699851072106
195.0 4.79246395086665
196.0 4.76022830053939
197.0 4.63393823066253
198.0 4.7595954663299
199.0 4.61521810916016
200.0 4.55350020801364
201.0 4.46614075027579
202.0 4.35961737664562
203.0 4.29424783582693
204.0 4.15145034441468
205.0 4.0545658012875
206.0 3.83004500148975
207.0 3.84867714487028
208.0 3.77044083653746
209.0 3.5601946373246
210.0 3.45253652330172
211.0 3.26189819798897
212.0 3.12361987405141
213.0 3.02402955471301
214.0 2.9963996803601
215.0 2.95872482011853
216.0 2.82199022723415
217.0 2.7604506177494
218.0 2.74772113963852
219.0 2.73911091325832
220.0 2.74179348950477
221.0 2.65958459655197
222.0 2.75950182684213
223.0 2.70822580912268
224.0 2.72702636529863
225.0 2.84597146903572
226.0 2.87942482452861
227.0 2.97153273937291
228.0 3.05558301751615
229.0 3.18220321487964
230.0 3.23089557568874
231.0 3.30233452984101
232.0 3.52356114305232
233.0 3.58719941876678
234.0 3.64304407414649
235.0 3.85924787754935
236.0 3.97813119882948
237.0 4.06246026568208
238.0 4.23732376380375
239.0 4.25380380542025
240.0 4.40854234587256
241.0 4.49093950399442
242.0 4.56829358866343
243.0 4.66874304997333
244.0 4.69384322635737
245.0 4.83930554360305
246.0 4.81419159489604
247.0 4.8072751332443
248.0 4.78811718706059
249.0 4.86189346862009
250.0 4.80455754972956
251.0 4.72474125701327
252.0 4.62144310931356
253.0 4.67880713498426
254.0 4.58091606506503
255.0 4.59102448805523
256.0 4.35159116134447
257.0 4.38977238370608
258.0 4.30507914157542
259.0 4.14987426756567
260.0 4.02857552840591
261.0 4.02733931876441
262.0 3.88152148776225
263.0 3.81042506706173
264.0 3.75406363271638
265.0 3.70090001787176
266.0 3.58333864267365
267.0 3.5387610389025
268.0 3.51810573361513
269.0 3.40020280551509
270.0 3.41734738066367
271.0 3.43177025462048
272.0 3.43769227980663
273.0 3.44063997807472
274.0 3.46684701325164
275.0 3.52582377314093
276.0 3.54212249015518
277.0 3.60442756691024
278.0 3.70098688737819
279.0 3.78569159906564
280.0 3.83521557513677
281.0 3.90542696064592
282.0 4.09994520427105
283.0 4.1227446345936
284.0 4.25420707107021
285.0 4.34539534126164
286.0 4.49051616740852
287.0 4.60341095132524
288.0 4.68729119284326
289.0 4.81743099131704
290.0 4.91942243508283
291.0 4.97491320414597
292.0 5.11102361186245
293.0 5.08435758862104
294.0 5.19196156551111
295.0 5.26808436507861
296.0 5.29545490100904
297.0 5.21560956446204
298.0 5.34508698497541
299.0 5.33298786173915
300.0 5.38025772357086
