MarsProject
301
0.0 4.35299680299677
1.0 4.30583182269874
2.0 4.54075510435228
3.0 4.31219234735082
4.0 4.48749088206892
5.0 4.61193861643216
6.0 4.55841712664954
7.0 4.62773131269159
8.0 4.8375180295792
9.0 4.75996301678094
10.0 5.02701053804947
11.0 4.81339430122305
12.0 4.83494772306599
13.0 4.98585986840332
14.0 5.32269422606746
15.0 4.98194102793987
16.0 5.24221167383525
17.0 5.26060591518598
18.0 5.40248563867105
19.0 5.24944432062388
20.0 5.60462109631286
21.0 5.44144916766892
22.0 5.42316941664415
23.0 5.66122581184856
24.0 5.86101775132715
25.0 5.72627744486498
26.0 5.90544402873065
27.0 5.9585510259743
28.0 5.94317955819308
29.0 5.86238194655866
30.0 6.19054031535689
31.0 6.17723230599351
32.0 6.0252522592511
33.0 6.15249673103271
34.0 6.58232556478133
35.0 6.33157835926497
36.0 6.28375056031885
37.0 6.28528269039502
38.0 6.18409732365099
39.0 6.19983732670557
40.0 6.57226894657061
41.0 6.38753684498374
42.0 6.43832679065376
43.0 6.42081761910969
44.0 6.33865349617578
45.0 6.53701125029607
46.0 6.23236214740676
47.0 6.18499921126382
48.0 6.37226583142053
49.0 6.28134102724773
50.0 6.16656068219167
51.0 6.38023710778564
52.0 6.39895021773855
53.0 6.07417386434538
54.0 6.26009588217319
55.0 5.99986923303711
56.0 6.16061718402501
57.0 6.12620354054509
58.0 6.20148275778789
59.0 6.13837957117114
60.0 6.19277095963673
61.0 6.15236560192785
62.0 5.90250973146975
63.0 6.01294841481759
64.0 5.97115978494164
65.0 6.05151638301213
66.0 6.16291333389635
67.0 5.9610687376613
68.0 6.13534974126406
69.0 5.83270538892267
70.0 5.71147427504022
71.0 5.93078017597475
72.0 5.97041207414262
73.0 5.79110230673544
74.0 5.7452771390439
75.0 5.93306163320724
76.0 5.83557903974325
77.0 5.84555530443531
78.0 6.11441731864529
79.0 6.02759982712445
80.0 6.12232309395951
81.0 6.06781438782364
82.0 6.12944085912482
83.0 6.03112464539377
84.0 6.2571939695979
85.0 6.28782723896097
86.0 6.40348010252094
87.0 6.38398610752783
88.0 6.26366663892074
89.0 6.50188931198602
90.0 6.40810744954049
91.0 6.51802947557945
92.0 6.21880021966795
93.0 6.51902367476198
94.0 6.5356859988109
95.0 6.52099203942282
96.0 6.70217037797316
97.0 6.62660487747555
98.0 6.74468192341082
99.0 6.59428061843722
100.0 6.71731769848247
101.0 6.57843613408359
102.0 6.74894320910229
103.0 7.06787405670193
104.0 6.99694762795711
105.0 6.93729340992783
106.0 7.01491956662068
107.0 6.72271695645341
108.0 6.97997509034897
109.0 6.85715025114266
110.0 6.65900141098099
111.0 6.50597754946147
112.0 7.11042826475086
113.0 7.0771034451598
114.0 6.62206227802269
115.0 6.60348610049768
116.0 6.64571659146578
117.0 6.72555139614511
118.0 6.55186148377537
119.0 6.67191370816995
120.0 6.73917242207316
121.0 6.32791787651798
122.0 6.36392170702323
123.0 6.15626724926609
124.0 6.45228620623833
125.0 6.33201028946994
126.0 5.95217850228308
127.0 6.05756382584573
128.0 6.030025630154
129.0 5.95461923855943
130.0 5.95721754975081
131.0 5.80727990886271
132.0 5.41466325605044
133.0 5.66816567474096
134.0 5.4615427282117
135.0 5.2536720787733
136.0 5.4651258635778
137.0 5.31522984415344
138.0 5.06816612868126
139.0 5.24889799876841
140.0 5.00559101613021
141.0 4.90725103043592
142.0 4.84531718653385
143.0 4.61259611729965
144.0 4.86289450041082
145.0 4.71400925971179
146.0 4.62418260700346
147.0 4.75868384102753
148.0 4.29614607016172
149.0 4.42796698351857
150.0 4.38406927797344
151.0 4.4399472876608
152.0 4.61372074452821
153.0 4.25547417901726
154.0 4.4655254714464
155.0 4.45135245630572
156.0 4.3462972704669
157.0 4.30918580802379
158.0 4.23392464920355
159.0 4.36147498130613
160.0 4.34406619938816
161.0 4.17591503560441
162.0 4.5858971871315
163.0 4.23248105055441
164.0 4.25282648864248
165.0 4.55265028893129
166.0 4.36585775565443
167.0 4.29630668137573
168.0 4.28643878268291
169.0 4.57415096962223
170.0 4.43083639248884
171.0 4.76289544181842
172.0 4.40563155601129
173.0 4.27495478591303
174.0 4.54853334849663
175.0 4.53366049910528
176.0 4.65441341469908
177.0 4.59295327901108
178.0 4.71328768690458
179.0 4.38715812415024
180.0 4.73284269679198
181.0 4.65835427894833
182.0 4.47370489444972
183.0 4.78066769015641
184.0 4.67953011397964
185.0 4.70516347099854
186.0 4.73099239806212
187.0 5.07034106212557
188.0 4.83960118631291
189.0 5.0800400368313
190.0 4.93150515502457
191.0 4.85110834309967
192.0 5.04094072130754
193.0 4.99502477946379
194.0 4.93105073260218
195.0 5.15692337731528
196.0 5.12555946130594
197.0 5.15209152134168
198.0 5.06648357289719
199.0 5.14047534061836
200.0 5.10646610684261
201.0 5.30494018597761
202.0 5.29831061706661
203.0 5.23225329905945
204.0 5.67688337787765
205.0 5.32255121415627
206.0 5.49481821438275
207.0 5.72021155543494
208.0 5.62439688166317
209.0 5.7871152202955
210.0 5.63552463493249
211.0 5.93944074933657
212.0 5.7839209418691
213.0 5.94321277740896
214.0 6.11685852126434
215.0 6.17424161069813
216.0 6.15598122668562
217.0 6.22555522198471
218.0 6.29930545705466
219.0 6.43235892357175
220.0 6.60397029576708
221.0 6.7395388768633
222.0 6.5287310523863
223.0 6.52480382630152
224.0 6.92268512589095
225.0 6.65304197665631
226.0 6.92860125199242
227.0 6.96885105153449
228.0 6.9385705419599
229.0 7.1614655572208
230.0 7.11782817268608
231.0 7.16753095578145
232.0 7.18107969145233
233.0 7.19671220394162
234.0 7.31574435774179
235.0 7.45970360777119
236.0 7.44385544370279
237.0 7.39562777587276
238.0 7.41495828535816
239.0 7.31297212433819
240.0 7.38277052003537
241.0 7.38950208760909
242.0 7.57777095243945
243.0 7.60777080876477
244.0 7.6506780412158
245.0 7.47225914457135
246.0 7.31085762491785
247.0 7.17984890222766
248.0 7.22795884826064
249.0 7.38890136222533
250.0 7.17936888410235
251.0 7.1366313728773
252.0 7.07212012775413
253.0 7.21346858022275
254.0 6.89820670919394
255.0 6.73844077295722
256.0 6.82790388633449
257.0 6.85121203969425
258.0 6.79224492915884
259.0 6.86587129308732
260.0 6.64126993242996
261.0 6.54033735218925
262.0 6.70176159836952
263.0 6.21747789192223
264.0 6.35182082318947
265.0 6.20362133122826
266.0 6.40777180926693
267.0 6.20157842150952
268.0 6.15160769811556
269.0 5.99157096640786
270.0 5.91949800067474
271.0 5.89127163419433
272.0 5.89831753327024
273.0 5.93397018679824
274.0 5.84797399517902
275.0 5.7506610790924
276.0 5.77148429523168
277.0 5.68039405474813
278.0 5.67418026204615
279.0 6.06962151665442
280.0 5.64020393862655
281.0 5.77375042217269
282.0 5.41140611226753
283.0 5.73975657742112
284.0 5.88083962277438
285.0 5.72433654535943
286.0 5.74898058955199
287.0 5.87470487441867
288.0 5.8134445889832
289.0 5.87797986410642
290.0 5.92405286760977
291.0 6.07319026369196
292.0 5.823022633653
293.0 5.80230488111603
294.0 5.90090635897522
295.0 6.14323173620249
296.0 6.4248633688914
297.0 6.15434346699374
298.0 6.2764700659122
299.0 6.30033337589228
300.0 6.29477830309633
