Moneymakers
301
0.0 5.45689670371839
1.0 5.44293732212441
2.0 5.48252165762317
3.0 5.39552508744768
4.0 5.51517522605879
5.0 5.53833296234916
6.0 5.49540721166119
7.0 5.33670439475
8.0 5.31739091075092
9.0 5.48008527652656
10.0 5.47625205346451
11.0 5.45360178364977
12.0 5.39627337013787
13.0 5.33947633457178
14.0 5.32245040281017
15.0 5.6638074854847
16.0 5.48096981273582
17.0 5.54708496554528
18.0 5.66090107397497
19.0 5.85310111780527
20.0 5.71661844585333
21.0 5.90345233728046
22.0 5.91619317357127
23.0 6.12427216351323
24.0 5.98807841203261
25.0 5.97953965576157
26.0 6.16788978926757
27.0 6.24548687138793
28.0 6.34890678430257
29.0 6.45093632566081
30.0 6.4488894820806
31.0 6.47170189356054
32.0 6.37155087558158
33.0 6.43226507204735
34.0 6.46672542590352
35.0 6.63074296704271
36.0 6.59876313467226
37.0 6.62860993584697
38.0 6.68050328833227
39.0 6.65826080127042
40.0 6.49078917840437
41.0 6.53988118594667
42.0 6.65672688490642
43.0 6.37262098045151
44.0 6.38934952946555
45.0 6.51641275145502
46.0 6.29674563773928
47.0 6.4314847209716
48.0 6.27747475046697
49.0 6.12612647521707
50.0 5.91687526347477
51.0 5.95944070642876
52.0 5.8574733449338
53.0 5.78997767312949
54.0 5.72021289125863
55.0 5.62437646074494
56.0 5.60931699245785
57.0 5.5498612190869
58.0 5.5353090149539
59.0 5.39890503169238
60.0 5.33851839383152
61.0 5.18889920575642
62.0 5.16963921279692
63.0 5.19532499719275
64.0 5.20620363806571
65.0 5.20797717629796
66.0 5.06680972357451
67.0 5.11925235857947
68.0 5.10291366934844
69.0 4.86525024337076
70.0 4.89884138780329
71.0 4.90261136063114
72.0 5.12449410821245
73.0 4.942116601616
74.0 5.00569080486099
75.0 5.13919947648901
76.0 5.2034247354832
77.0 5.1148204285322
78.0 5.00213930681132
79.0 5.36361452700976
80.0 5.3170296617681
81.0 5.28827851174016
82.0 5.38563689913195
83.0 5.47703901910234
84.0 5.57266723844206
85.0 5.57809982302205
86.0 5.74728634090871
87.0 5.7074565039445
88.0 5.61269898222152
89.0 5.82173972424054
90.0 5.57377731882749
91.0 5.64418711430113
92.0 5.90878663437848
93.0 5.86777434751197
94.0 5.73830403266873
95.0 5.82421184562048
96.0 5.83550260472956
97.0 5.78514444391666
98.0 5.73773027991342
99.0 5.76795813637381
100.0 5.91807444361149
101.0 5.74597670373488
102.0 5.81451256178392
103.0 5.67914678034507
104.0 5.74684690004443
105.0 5.70318641770321
106.0 5.60048887016315
107.0 5.5342373844663
108.0 5.52920593642098
109.0 5.55381460816403
110.0 5.3483105312016
111.0 5.42205027988511
112.0 5.23224173813278
113.0 5.31453384226669
114.0 5.39669425405198
115.0 5.27836338876793
116.0 5.20560022319225
117.0 5.06780690610304
118.0 5.33242117000804
119.0 5.14514252747611
120.0 5.15038714749327
121.0 5.07012866730704
122.0 5.1560633893793
123.0 5.07217857061059
124.0 5.06825556828604
125.0 5.18847306878885
126.0 5.31461623909345
127.0 5.2595949484894
128.0 5.16800063040644
129.0 5.33680434019891
130.0 5.17958824955505
131.0 5.30197202416992
132.0 5.37301728117794
133.0 5.24241883956603
134.0 5.52855582099316
135.0 5.45720561164243
136.0 5.32685151907409
137.0 5.51609888039608
138.0 5.39763655252702
139.0 5.61495237503518
140.0 5.57681086043083
141.0 5.58055597940945
142.0 5.50359409323713
143.0 5.7514545716367
144.0 5.47517424670447
145.0 5.62526008145817
146.0 5.64597100129612
147.0 5.6727586908401
148.0 5.65270161351808
149.0 5.63593429610114
150.0 5.70774137478748
151.0 5.50106504497339
152.0 5.69737289203415
153.0 5.41761420992407
154.0 5.47505794432872
155.0 5.31444793666373
156.0 5.47032434606662
157.0 5.16712568220332
158.0 5.28811415386736
159.0 5.26573274988545
160.0 5.19727561118301
161.0 5.11381591462625
162.0 5.03883632018962
163.0 4.99081332213333
164.0 4.8957022762717
165.0 4.90171067123955
166.0 4.70599512347922
167.0 4.62210815276416
168.0 4.51986270885859
169.0 4.75830672852653
170.0 4.63264830896761
171.0 4.51841330772164
172.0 4.65628468991556
173.0 4.58210182865654
174.0 4.50364332482565
175.0 4.63297696808547
176.0 4.40461479452682
177.0 4.48200123100774
178.0 4.4237571409691
179.0 4.53305777934859
180.0 4.54269871269355
181.0 4.66200296001342
182.0 4.63421148041139
183.0 4.81887748025781
184.0 4.63275699889487
185.0 4.89759257295246
186.0 4.81932191969632
187.0 4.8668628155399
188.0 4.92319376886294
189.0 5.0920733784184
190.0 5.11001105574947
191.0 5.16632186143789
192.0 5.2160264707256
193.0 5.35609963311721
194.0 5.39227187026331
195.0 5.46495241019413
196.0 5.46013785584967
197.0 5.62602796028688
198.0 5.52841861525043
199.0 5.71858241892505
200.0 5.7582273716464
201.0 5.75075594885986
202.0 5.80360746145376
203.0 5.76341263722906
204.0 5.83499145249643
205.0 5.80216762188086
206.0 5.92544993168238
207.0 5.9111958901865
208.0 5.85624585069476
209.0 5.75552514495462
210.0 5.85000908434091
211.0 5.83415466130839
212.0 5.71096317316979
213.0 5.57590739295046
214.0 5.71409837758783
215.0 5.56625879727699
216.0 5.4834608380596
217.0 5.32385037283813
218.0 5.44801779013756
219.0 5.15996463880179
220.0 5.16922348644016
221.0 5.12967259207615
222.0 5.16927187540234
223.0 4.86788498022918
224.0 5.02717511109695
225.0 4.81956210164338
226.0 4.89476028726803
227.0 4.71150866417605
228.0 4.74109919679912
229.0 4.57338706368343
230.0 4.54212037897332
231.0 4.39611075282057
232.0 4.59271948892667
233.0 4.5464492178236
234.0 4.56944202290601
235.0 4.55006299707296
236.0 4.46527871926698
237.0 4.57318983009235
238.0 4.49910170526854
239.0 4.532614823633
240.0 4.45533850977079
241.0 4.49147076849956
242.0 4.46548407458864
243.0 4.76515397418081
244.0 4.65059726765431
245.0 4.59930577133527
246.0 4.81240885261643
247.0 4.58140459621215
248.0 4.79768327599339
249.0 4.88024299887086
250.0 4.989564261563
251.0 5.08670992667802
252.0 4.95476665283078
253.0 5.16487741214164
254.0 5.10776838243241
255.0 5.27704160439114
256.0 5.20249449072552
257.0 5.28417124415409
258.0 5.27162299442861
259.0 5.29299681093375
260.0 5.45010465357642
261.0 5.35085551642933
262.0 5.36831933167533
263.0 5.5881549680734
264.0 5.55145710981855
265.0 5.39325271580121
266.0 5.4679896691259
267.0 5.63430651570179
268.0 5.56748319014974
269.0 5.41439309406764
270.0 5.440608516186
271.0 5.4619036644122
272.0 5.38098617912719
273.0 5.16302435972024
274.0 5.30520716465613
275.0 5.19284781732821
276.0 5.31263168027272
277.0 5.32628417638023
278.0 5.096148047151
279.0 5.1393907540296
280.0 5.14367542225546
281.0 5.14967591002789
282.0 5.00665100777783
283.0 4.88501363622338
284.0 5.01233871742031
285.0 4.88419603812699
286.0 4.90382780481815
287.0 4.90192583142192
288.0 4.89575730327676
289.0 4.93227236423369
290.0 4.92684771054669
291.0 4.8537198838813
292.0 4.78725229169369
293.0 4.99193579081172
294.0 5.04361705657632
295.0 5.0498776391246
296.0 4.92278680407649
297.0 5.03788116555302
298.0 5.11603519017645
299.0 5.02366730794153
300.0 5.21777549196866
