PositiveCorrelation
301
0.0 6.82844855030501
1.0 6.72375975217164
2.0 6.83818123568634
3.0 6.92805657605581
4.0 6.77489406084191
5.0 7.21334196807476
6.0 7.04827161156807
7.0 7.1154851253119
8.0 6.81544984515574
9.0 7.21439746565189
10.0 7.21303696100918
11.0 7.64806247191125
12.0 7.18121973063702
13.0 7.29280108075038
14.0 7.31300405470623
15.0 7.23819995624309
16.0 7.39640236032431
17.0 7.3189713534316
18.0 7.6322103880811
19.0 7.52038211551953
20.0 7.2380498584661
21.0 7.09991984557028
22.0 7.45160484583279
23.0 7.26873170847032
24.0 7.617572639043
25.0 7.23970237665926
26.0 7.1400916392911
27.0 7.63603221236128
28.0 7.54515243660303
29.0 7.34479530749532
30.0 7.51697126884419
31.0 7.20035504399442
32.0 7.10263284474073
33.0 7.35809491830255
34.0 7.29071819597552
35.0 7.52337811440504
36.0 6.85541160165134
37.0 7.39164530803659
38.0 7.24899842455557
39.0 7.31077068278507
40.0 7.11828677500469
41.0 7.11743322627582
42.0 7.39574656302836
43.0 7.35609522383313
44.0 7.5793841125444
45.0 7.24122638041537
46.0 7.49801660324932
47.0 7.14138249670757
48.0 7.54938993709979
49.0 7.37646926061738
50.0 7.25495669072709
51.0 7.24708570795872
52.0 7.55454871389793
53.0 7.12033013870012
54.0 7.17836792640555
55.0 6.95638944960041
56.0 7.38637708360715
57.0 7.51519008713139
58.0 7.40348142781517
59.0 7.43223426407545
60.0 7.82324822821187
61.0 7.76394816118558
62.0 7.52735676608917
63.0 7.69814672848124
64.0 7.83913415141451
65.0 7.61119907927513
66.0 7.50437382851731
67.0 7.52539162103054
68.0 7.54668032898509
69.0 7.68210348925309
70.0 7.81307791458552
71.0 7.59173876790674
72.0 7.37401722775213
73.0 7.68152474946832
74.0 7.32215272240126
75.0 7.63034201186629
76.0 7.84234765977018
77.0 8.11716318441697
78.0 7.78896500540604
79.0 7.6372805471013
80.0 7.17968628588815
81.0 7.56736145734989
82.0 7.49272487476614
83.0 7.35647972320997
84.0 7.72032008275123
85.0 7.24660388106265
86.0 7.04567091974999
87.0 7.48205953271325
88.0 7.50601915803328
89.0 7.56121546355822
90.0 7.61384892690267
91.0 7.33490605475932
92.0 7.0984444043683
93.0 6.8190872566876
94.0 6.88324160616946
95.0 7.414879643295
96.0 7.12879556215906
97.0 6.94081205841487
98.0 7.00324757127295
99.0 6.86831663263843
100.0 6.91849697218938
101.0 7.02361834891673
102.0 7.08975689455876
103.0 6.69264231669245
104.0 6.88576457207115
105.0 7.14798772591855
106.0 7.14981188893101
107.0 7.23035012597002
108.0 7.09004206922407
109.0 7.09875054336781
110.0 7.02571109399038
111.0 7.22551275607088
112.0 7.17454036380024
113.0 7.37725944239838
114.0 7.07661160860713
115.0 6.83622466939101
116.0 7.37966497105279
117.0 7.27472974502278
118.0 7.32326044615486
119.0 7.33391918933227
120.0 7.25520972027199
121.0 7.11222757090026
122.0 7.40363919032663
123.0 7.21303791448161
124.0 7.48288025907934
125.0 7.41417300169391
126.0 7.01181999023187
127.0 7.60207968682399
128.0 7.1843521561646
129.0 7.42656415618566
130.0 7.7063191634378
131.0 6.96995562423664
132.0 7.17554521305912
133.0 7.22997032929879
134.0 7.494101608353
135.0 7.38435559371052
136.0 7.25199888106315
137.0 7.03143347328731
138.0 7.25425680035715
139.0 6.84867079653869
140.0 7.30076534682569
141.0 6.97347145370997
142.0 7.10149663801135
143.0 7.19889292778299
144.0 7.31402324317479
145.0 6.92216711232335
146.0 7.0318671844763
147.0 6.70994577256639
148.0 6.77281913437814
149.0 6.61255164210796
150.0 6.81087154818347
151.0 6.90310981020421
152.0 6.77667129148292
153.0 6.71941789100415
154.0 6.66391398641327
155.0 6.48596959012482
156.0 6.28701415583189
157.0 6.45257401277138
158.0 6.63442548611413
159.0 6.55346133651557
160.0 6.72294531759295
161.0 6.34131006152474
162.0 5.9915472699808
163.0 6.63718361163755
164.0 6.30313357848384
165.0 6.59694392347053
166.0 6.50184476595386
167.0 6.28889296366772
168.0 6.91047002626647
169.0 6.76581503959982
170.0 6.49132137436626
171.0 6.62339448847447
172.0 7.01945127309724
173.0 6.80658033729739
174.0 6.86313629175377
175.0 6.75758650562822
176.0 6.89985780221026
177.0 7.19386041284243
178.0 6.25028140468367
179.0 6.53467414831901
180.0 6.54189883271461
181.0 6.89020704600779
182.0 6.96891428763112
183.0 6.67412418309037
184.0 6.5446229170702
185.0 6.51763463556034
186.0 6.58398760793108
187.0 6.46443920124329
188.0 6.47222069876898
189.0 6.60891861225128
190.0 6.40602056143239
191.0 6.69561033843423
192.0 6.30711472418225
193.0 6.5438843355543
194.0 6.67731209917495
195.0 6.52558345785484
196.0 5.8416034041661
197.0 5.80106472010835
198.0 6.07481175904619
199.0 5.88542994780576
200.0 6.01409596068398
201.0 5.87577575813228
202.0 6.07684833984106
203.0 5.76116282966373
204.0 6.07651885787754
205.0 5.83283691034625
206.0 5.47015509874643
207.0 5.68545900260345
208.0 5.85272356810729
209.0 5.3613725199507
210.0 5.7803515253898
211.0 5.74949210863213
212.0 5.64101443619602
213.0 5.57130483915988
214.0 4.89454078869958
215.0 5.21950447712106
216.0 5.58048125963524
217.0 5.67650876996857
218.0 5.51726301661977
219.0 5.39452788572482
220.0 5.4697686253544
221.0 5.41891319886343
222.0 5.31778519938898
223.0 5.37669312124178
224.0 5.29154415148844
225.0 5.40517543981824
226.0 5.19811784435224
227.0 5.45055301699601
228.0 5.45139779373962
229.0 5.28878456701413
230.0 5.48973159580124
231.0 5.27881317747439
232.0 4.96284007156565
233.0 5.3538242273013
234.0 5.16712663807811
235.0 5.23754013592587
236.0 5.2217330061895
237.0 5.3276800925604
238.0 5.42026974052607
239.0 5.22486200886583
240.0 5.32196970663706
241.0 5.24850418201073
242.0 5.34429735926133
243.0 5.27681494699738
244.0 5.07048100974371
245.0 4.80469547383719
246.0 4.93297420302475
247.0 5.13960417448661
248.0 5.08409676511779
249.0 4.88663621729904
250.0 4.88853789385788
251.0 4.75446098737964
252.0 4.86041010347785
253.0 4.85425811447224
254.0 4.6121509733383
255.0 4.93009026466358
256.0 4.7298049296369
257.0 4.85993769408696
258.0 4.57820006540378
259.0 4.42691046238636
260.0 4.59853488760754
261.0 4.33329689081581
262.0 4.40123511580221
263.0 4.27395635246181
264.0 4.09733429205103
265.0 4.22277567232805
266.0 4.37566198018967
267.0 4.26235249662375
268.0 4.07663454392137
269.0 4.05335364475749
270.0 4.23681698047229
271.0 4.19284640676477
272.0 4.13369855505308
273.0 4.2542487329572
274.0 4.20201508686667
275.0 4.25845059724738
276.0 4.35757690399161
277.0 4.24781268571401
278.0 4.54582075837567
279.0 4.31985135836712
280.0 4.35338857790151
281.0 4.40813721872666
282.0 4.37457823783755
283.0 4.38308054310707
284.0 4.33264307226458
285.0 4.68496863966882
286.0 4.58306912304179
287.0 4.83049712774726
288.0 4.66842112159396
289.0 4.57370747836969
290.0 4.70384048735477
291.0 4.89922318546972
292.0 4.7736188730184
293.0 4.7342532340817
294.0 5.01261856585168
295.0 5.26246939648869
296.0 5.2057220055041
297.0 4.68820188213299
298.0 4.82882351709583
299.0 4.51253119225198
300.0 5.18285221181171
