SafeAndCare
301
0.0 6.3937690320373
1.0 6.35622078878665
2.0 6.42600260770661
3.0 6.4323985674149
4.0 6.44770192577412
5.0 6.49051143645618
6.0 6.47791303433116
7.0 6.4315088137684
8.0 6.5211149424239
9.0 6.44740260871877
10.0 6.46243011623035
11.0 6.46904802752682
12.0 6.44626013677955
13.0 6.33346519256881
14.0 6.3198727682322
15.0 6.28684911311727
16.0 6.25569826892771
17.0 6.30801721717222
18.0 6.2019647657769
19.0 6.19621943470263
20.0 6.04837525059327
21.0 6.01084646427452
22.0 5.94943984792124
23.0 5.85674570915662
24.0 5.77311860360531
25.0 5.72173747311007
26.0 5.58318867521722
27.0 5.49997653325346
28.0 5.45369042951686
29.0 5.38014482955176
30.0 5.30192698023057
31.0 5.24108072223737
32.0 5.03981431648895
33.0 5.06245441375765
34.0 4.93263975619815
35.0 4.83667715454137
36.0 4.74543787585332
37.0 4.67982941492019
38.0 4.64009059371865
39.0 4.48350621474402
40.0 4.42830033838352
41.0 4.41730045545912
42.0 4.3285325240967
43.0 4.25537941365795
44.0 4.21908584168507
45.0 4.20218810045819
46.0 4.11267240672408
47.0 4.13165755247844
48.0 4.04671016630727
49.0 4.03471204756294
50.0 4.05917753633494
51.0 3.96619520037256
52.0 3.95167349195287
53.0 3.97040500671752
54.0 3.98505771247383
55.0 4.00280796772523
56.0 3.93862507548004
57.0 3.92765128641277
58.0 3.90580136309901
59.0 4.02066725579351
60.0 3.9720153507844
61.0 4.04748704674432
62.0 4.06501023383974
63.0 4.00283162623205
64.0 4.03752035966578
65.0 4.14712507091537
66.0 4.0778740280605
67.0 4.16975767045153
68.0 4.1499759575777
69.0 4.21100080463048
70.0 4.1976136571073
71.0 4.13692906079234
72.0 4.19969702943277
73.0 4.21519274816205
74.0 4.23953567157811
75.0 4.26476335289249
76.0 4.31303552028018
77.0 4.28552002269403
78.0 4.21897117503979
79.0 4.29952987912583
80.0 4.25430611883992
81.0 4.28046491383111
82.0 4.26636486075134
83.0 4.23683540068299
84.0 4.16458219193359
85.0 4.16916266357915
86.0 4.2044941796682
87.0 4.21541437616187
88.0 4.114893427526
89.0 4.11893229904344
90.0 4.06110893729006
91.0 4.06479373832193
92.0 4.07525923724727
93.0 3.97182577336406
94.0 4.01636633024578
95.0 3.98394510076415
96.0 4.0148847475029
97.0 3.99169489296479
98.0 3.92794553339834
99.0 3.93189532665977
100.0 3.93645609819293
101.0 3.97390899890974
102.0 3.89988507446181
103.0 3.9994758332272
104.0 3.99046036088551
105.0 4.05543930844269
106.0 3.97444310096795
107.0 4.04997405699153
108.0 4.0121624124546
109.0 4.11071175725999
110.0 4.14948817643639
111.0 4.20590719764004
112.0 4.21351437291229
113.0 4.22928729043879
114.0 4.25853195339868
115.0 4.33047950370051
116.0 4.40036054575619
117.0 4.40131204309116
118.0 4.46477836194092
119.0 4.51576294266316
120.0 4.64788407750843
121.0 4.65313571420081
122.0 4.72640047038524
123.0 4.7909340928685
124.0 4.77557578041722
125.0 4.88841005946678
126.0 4.91349602672812
127.0 4.91764230322958
128.0 5.03662136188367
129.0 5.03458366201662
130.0 5.06787996504315
131.0 5.13633385031057
132.0 5.15591760724778
133.0 5.21540447848134
134.0 5.17962576345999
135.0 5.25837326879078
136.0 5.265463382248
137.0 5.27332300326691
138.0 5.23470837062655
139.0 5.27756724635949
140.0 5.32647770724134
141.0 5.37950084274893
142.0 5.34211712863205
143.0 5.33473661340311
144.0 5.36141924286187
145.0 5.42166842980491
146.0 5.39806190093909
147.0 5.41308133362133
148.0 5.40196462084855
149.0 5.41697266171017
150.0 5.44382697908127
151.0 5.50546523154587
152.0 5.55845589016254
153.0 5.45028033765913
154.0 5.53774294500834
155.0 5.60553063272832
156.0 5.60673437028477
157.0 5.68409560622027
158.0 5.72527843525843
159.0 5.77294129720862
160.0 5.82506937846546
161.0 5.84678405343912
162.0 5.89982491930891
163.0 6.06888369251226
164.0 6.0150620899119
165.0 6.21384260454374
166.0 6.22326391414282
167.0 6.34669246408182
168.0 6.44333036245315
169.0 6.5236237202083
170.0 6.61897133003804
171.0 6.74676749927573
172.0 6.78606162449102
173.0 6.93233981581972
174.0 7.05138003317422
175.0 7.15013207205728
176.0 7.28238639946722
177.0 7.38364033682235
178.0 7.43740908808646
179.0 7.49799367481933
180.0 7.69023142136638
181.0 7.75545043745927
182.0 7.80072101555864
183.0 7.8964453184327
184.0 7.93392122281859
185.0 8.0136054653476
186.0 8.01192892452159
187.0 8.09125920439933
188.0 8.18610202674567
189.0 8.25161017705904
190.0 8.17356947116245
191.0 8.26968774839403
192.0 8.266740973844
193.0 8.28661305736663
194.0 8.29371859028224
195.0 8.33043048399947
196.0 8.33780793304495
197.0 8.31596094572469
198.0 8.25643692915225
199.0 8.22450233261281
200.0 8.18260457406191
201.0 8.16914511101241
202.0 8.07267348041739
203.0 8.06129408217468
204.0 7.9758796213697
205.0 7.93267145715619
206.0 7.897811083436
207.0 7.81676411879119
208.0 7.85132015282167
209.0 7.76299095317617
210.0 7.72015561313072
211.0 7.67211425292495
212.0 7.60122527473697
213.0 7.57310218830062
214.0 7.54440784748231
215.0 7.48595436527976
216.0 7.43824038837665
217.0 7.46324618860617
218.0 7.4653298735027
219.0 7.43464278474236
220.0 7.42337423367222
221.0 7.44717011298906
222.0 7.41946215983415
223.0 7.4953977462579
224.0 7.48444695183006
225.0 7.56855074787796
226.0 7.58980898249243
227.0 7.58762205536676
228.0 7.68389789821511
229.0 7.70068709981363
230.0 7.74613581106679
231.0 7.79951298430758
232.0 7.8344777300199
233.0 7.98445964701848
234.0 8.00387878034441
235.0 8.06470659614787
236.0 8.08825678058928
237.0 8.14244582335935
238.0 8.20830987841055
239.0 8.30398175387146
240.0 8.27989547480837
241.0 8.3958815023828
242.0 8.41887942344595
243.0 8.47320734940384
244.0 8.5252324398001
245.0 8.48594839396097
246.0 8.57535592346208
247.0 8.58283118912722
248.0 8.65260078270676
249.0 8.60979621519694
250.0 8.55968326319109
251.0 8.56009952819334
252.0 8.49783099477131
253.0 8.5567931721289
254.0 8.4909381521274
255.0 8.39025176128325
256.0 8.3466248722149
257.0 8.27310034288422
258.0 8.17825011452089
259.0 8.17128836138204
260.0 8.02669573080155
261.0 7.93445604227401
262.0 7.93633762336484
263.0 7.76039566443842
264.0 7.64670693725955
265.0 7.55190170616887
266.0 7.49985880817392
267.0 7.38958544790346
268.0 7.27043708806607
269.0 7.15026107580375
270.0 7.08244830249391
271.0 6.98933595781524
272.0 6.90953750954898
273.0 6.74480836156035
274.0 6.64426897896464
275.0 6.60166150861953
276.0 6.53068388013314
277.0 6.44014834422088
278.0 6.45246434160118
279.0 6.33794460433658
280.0 6.3178664577719
281.0 6.27001960548913
282.0 6.23189253595811
283.0 6.12975111564153
284.0 6.15965131984409
285.0 6.14973948941699
286.0 6.23716372759081
287.0 6.10243378972322
288.0 6.15217940557136
289.0 6.23470251462427
290.0 6.2146624334222
291.0 6.18162138815073
292.0 6.2876600227941
293.0 6.24451371992837
294.0 6.38099355957982
295.0 6.34202084683354
296.0 6.33849099760212
297.0 6.40692363197028
298.0 6.41723846827812
299.0 6.57201163844589
300.0 6.46200747419716
