SpaceNow
301
0.0 3.11046882902405
1.0 3.17460467759767
2.0 3.12528155653349
3.0 3.05840250763277
4.0 2.98863414408588
5.0 2.99420967372839
6.0 3.05875796103435
7.0 2.91913329283001
8.0 3.00516015847869
9.0 2.87065141051456
10.0 2.98249360490571
11.0 2.70779202382569
12.0 2.85417450286185
13.0 2.70341329396267
14.0 2.90692344723625
15.0 2.77259026148209
16.0 2.64926407586228
17.0 2.7074868609985
18.0 2.60468757360728
19.0 2.85940280757298
20.0 2.57811269297512
21.0 2.67641209268745
22.0 2.76251851089653
23.0 2.73256229808112
24.0 2.63521754073705
25.0 2.78383165313632
26.0 2.71371629549503
27.0 2.57685369619455
28.0 2.6001846592695
29.0 2.86390257503073
30.0 2.57991100740929
31.0 2.66632520166623
32.0 2.9784829278433
33.0 2.867427302358
34.0 2.9084756342419
35.0 2.82417796283024
36.0 3.07269962830886
37.0 2.87021624397239
38.0 3.01991453665672
39.0 2.81859424728865
40.0 2.88941422539102
41.0 2.66996106965123
42.0 3.10194676157287
43.0 2.94094308988118
44.0 3.12953687536275
45.0 3.07939345522241
46.0 3.14392644489581
47.0 3.20666973288777
48.0 3.22612562078368
49.0 3.05983437355771
50.0 3.1150389409389
51.0 2.82065574889419
52.0 3.09720355379232
53.0 2.94602744788411
54.0 3.07480187259896
55.0 3.10565084673342
56.0 3.04135123580467
57.0 3.20855798731818
58.0 3.18277601832416
59.0 3.20975200825051
60.0 3.18665689723281
61.0 3.15934850117699
62.0 3.01452599630992
63.0 3.29231564139057
64.0 3.32968599772304
65.0 3.19539242693816
66.0 3.15235628458989
67.0 3.04970350112305
68.0 3.25498414186653
69.0 3.26896427969915
70.0 3.33496859429944
71.0 3.48949688778171
72.0 3.21285714172375
73.0 3.29363738713336
74.0 3.49711843773365
75.0 3.53344552517794
76.0 3.54914590796739
77.0 3.48895076440277
78.0 3.5174439363186
79.0 3.55583843058403
80.0 3.43521592460805
81.0 3.58035294636912
82.0 3.58062264611231
83.0 3.6796663810297
84.0 3.8998534662469
85.0 3.74716132563442
86.0 3.82414628117098
87.0 3.77123355972033
88.0 3.62711479267255
89.0 3.6607350800229
90.0 3.73863752258887
91.0 3.50122289952553
92.0 3.44804170166927
93.0 3.58736081457078
94.0 3.53165959315008
95.0 3.56823864036552
96.0 3.65186653029644
97.0 3.55492251544628
98.0 3.48586947939084
99.0 3.41934675255687
100.0 3.33269589367416
101.0 3.19307019659442
102.0 3.48882627621364
103.0 3.09074429912487
104.0 3.12767901575717
105.0 3.02206407720023
106.0 2.9953022252464
107.0 2.88891967838152
108.0 2.72016996184409
109.0 2.77637472130682
110.0 2.55849297863631
111.0 2.86889813298491
112.0 2.73074667064716
113.0 2.5900980817794
114.0 2.52501224564407
115.0 2.53179603780689
116.0 2.35623754652281
117.0 2.28738399020222
118.0 2.16296083027081
119.0 2.10686602805062
120.0 2.42536441206184
121.0 2.56059630042462
122.0 2.29056053205339
123.0 2.54988798200622
124.0 2.25923000207514
125.0 2.55455668162593
126.0 2.35610570950895
127.0 2.41096962127097
128.0 2.44183920648506
129.0 2.76759763250267
130.0 2.58059936889752
131.0 2.54278723368965
132.0 2.49528918813732
133.0 2.86429344043826
134.0 2.73254756969481
135.0 2.82970266242407
136.0 2.81698388154502
137.0 3.0130697273819
138.0 2.88995486948331
139.0 2.98277988793312
140.0 2.88656465418797
141.0 3.16091959455294
142.0 3.16796595710579
143.0 3.13927707296476
144.0 3.25784479829685
145.0 3.31720697063462
146.0 3.31174672709752
147.0 3.15072882547834
148.0 3.35306840090302
149.0 3.39521141835182
150.0 3.27949318337961
151.0 3.17371933399181
152.0 3.30779190876244
153.0 3.3228098099269
154.0 3.19423603311404
155.0 3.36590027639838
156.0 3.30721128989125
157.0 3.21486058952174
158.0 3.12343526457875
159.0 3.1938658348292
160.0 3.10686929343078
161.0 3.14115336688343
162.0 3.29516581319325
163.0 3.08935464879278
164.0 2.79697230737081
165.0 3.00280155307162
166.0 2.84080945183543
167.0 2.97744788263761
168.0 2.99704259339751
169.0 2.8925166702226
170.0 3.02030767812114
171.0 2.95095554408329
172.0 2.97657017147472
173.0 2.59902422964777
174.0 2.85135744441634
175.0 2.54978431816879
176.0 2.95919328983994
177.0 2.73754451209011
178.0 2.77821765279299
179.0 2.62014028870126
180.0 2.87391134675889
181.0 2.93375927211817
182.0 2.9546430310473
183.0 2.74051392419723
184.0 2.9075669723602
185.0 2.86883800819003
186.0 2.98719445196357
187.0 2.96594763831077
188.0 2.93142470837508
189.0 3.15464427401603
190.0 3.27532387782546
191.0 3.19667136757314
192.0 3.30611239234904
193.0 3.41213202880085
194.0 3.45897596817223
195.0 3.51299358886634
196.0 3.52220178876323
197.0 3.63280189468636
198.0 3.65943941772279
199.0 3.68676252546904
200.0 3.88600958252038
201.0 3.6706937074011
202.0 3.61587617220333
203.0 3.72209541876377
204.0 3.59131085965756
205.0 3.79231207052847
206.0 3.71746645416188
207.0 3.84724968424104
208.0 3.83818402190498
209.0 3.9120790706292
210.0 3.79121829092164
211.0 3.76213036543768
212.0 3.82795637548073
213.0 3.7909427593778
214.0 3.80764214409183
215.0 3.8011676358327
216.0 3.6566471162507
217.0 3.72244751316445
218.0 3.65407880276759
219.0 3.64153819554839
220.0 3.4911032051688
221.0 3.40273693767581
222.0 3.37469740812916
223.0 3.43547626795671
224.0 3.27859020504907
225.0 3.40421858589676
226.0 3.44850157124951
227.0 3.41190485108713
228.0 3.25562937453125
229.0 3.2815504014315
230.0 3.19067260248907
231.0 3.16682826468587
232.0 3.48766682328164
233.0 3.31444907968103
234.0 3.30826076917717
235.0 3.47292323919366
236.0 3.16026287782624
237.0 3.32542779873612
238.0 3.68253285995482
239.0 3.48335771551611
240.0 3.41504505030063
241.0 3.33543693386543
242.0 3.31342755548983
243.0 3.50504359971123
244.0 3.59553378191613
245.0 3.35078009037299
246.0 3.62678466351088
247.0 3.67928869011788
248.0 3.75986969148958
249.0 3.72069759596026
250.0 3.84248501939667
251.0 3.6878958821907
252.0 3.77222533501054
253.0 3.66008928361006
254.0 3.68067401402986
255.0 3.80994522538659
256.0 3.54480635383329
257.0 3.69628907083143
258.0 3.75570063747273
259.0 3.84268434610739
260.0 3.7638103062168
261.0 3.6511787266841
262.0 3.67384922637451
263.0 3.54581778793027
264.0 3.76670570891741
265.0 3.52368339446016
266.0 3.76528636177917
267.0 3.53895437482037
268.0 3.47401407289768
269.0 3.39262118561396
270.0 3.5750001307083
271.0 3.31771865503162
272.0 3.46976612704969
273.0 3.22913298946237
274.0 3.28075054564693
275.0 3.24063326019805
276.0 3.38304131563248
277.0 3.05249650585734
278.0 3.06585882407719
279.0 3.2789823471745
280.0 3.29948084494498
281.0 3.25797711557263
282.0 3.36016788730555
283.0 3.05676757834738
284.0 2.85026283780821
285.0 3.03832661308015
286.0 3.06826898685445
287.0 3.12168500069272
288.0 3.11645571869599
289.0 2.97204859382385
290.0 3.01869657593645
291.0 3.29077500107834
292.0 3.39581342206502
293.0 3.22869712179929
294.0 3.0814382988021
295.0 3.30333049549194
296.0 3.16009101490151
297.0 3.38355105243347
298.0 3.45447667644682
299.0 3.49752751886172
300.0 3.32794563991345
