SuperFuture
301
0.0 6.11298874375418
1.0 6.13260523867289
2.0 6.10140547676755
3.0 6.05119965127256
4.0 6.01623760487851
5.0 6.05323560135205
6.0 5.99003318789006
7.0 5.95817956904821
8.0 6.04835285883217
9.0 6.04641768471034
10.0 5.99025695597155
11.0 5.98027957545065
12.0 6.03069117142343
13.0 6.07630009142789
14.0 6.09336176339754
15.0 6.14331777120986
16.0 6.11730059321457
17.0 6.16576017796036
18.0 6.2096063918171
19.0 6.192649217328
20.0 6.25816313209444
21.0 6.35503638234071
22.0 6.39573067221474
23.0 6.39664397966631
24.0 6.49430893991938
25.0 6.43425745621727
26.0 6.48191236767918
27.0 6.5187739844507
28.0 6.57077126317003
29.0 6.58994141327772
30.0 6.63108451777015
31.0 6.62162707140373
32.0 6.6927742073676
33.0 6.5869823656923
34.0 6.60411609943398
35.0 6.63423822582375
36.0 6.54305177648365
37.0 6.61831560286474
38.0 6.48882170239323
39.0 6.46567657333205
40.0 6.40047265628129
41.0 6.34630062575023
42.0 6.31478242153272
43.0 6.25969328226924
44.0 6.13940980384683
45.0 6.13528152254001
46.0 6.01010603412102
47.0 5.90095426430935
48.0 5.81905426624773
49.0 5.76793645770986
50.0 5.69446719206656
51.0 5.60780644290171
52.0 5.47518155627203
53.0 5.42357670586048
54.0 5.41350955969608
55.0 5.35642355915946
56.0 5.31162370363624
57.0 5.1795002914174
58.0 5.12574327046727
59.0 5.17035675770929
60.0 5.12390224006909
61.0 5.0983160016067
62.0 5.18806575902947
63.0 5.10472152224798
64.0 5.16449094675805
65.0 5.11809975464615
66.0 5.21646610748725
67.0 5.20072206489385
68.0 5.31293553231742
69.0 5.37107113582591
70.0 5.35893374976979
71.0 5.51568723328052
72.0 5.58872291147253
73.0 5.65881808113933
74.0 5.73388107464201
75.0 5.82013314464287
76.0 5.89032202130834
77.0 5.96114740433333
78.0 6.036063443638
79.0 6.19900663538634
80.0 6.34079247317254
81.0 6.35077097508161
82.0 6.51093436092943
83.0 6.52825445636783
84.0 6.60110337751671
85.0 6.67419915842948
86.0 6.73233424321461
87.0 6.71168885083231
88.0 6.79069834354425
89.0 6.8557115306526
90.0 6.83125399581337
91.0 6.96658560319266
92.0 6.9821096421034
93.0 6.99385926002502
94.0 7.02624354268185
95.0 7.02879161853295
96.0 7.03964674471961
97.0 6.99836978149708
98.0 6.97046918443327
99.0 7.00495273459781
100.0 6.97012897669762
101.0 6.92390524208158
102.0 6.92967558646209
103.0 6.87424896274956
104.0 6.94696294905905
105.0 6.89003647308982
106.0 6.77248750750248
107.0 6.8091794992221
108.0 6.73565563314843
109.0 6.83508050513272
110.0 6.69432732711939
111.0 6.68422099177223
112.0 6.69548460666166
113.0 6.63863769034819
114.0 6.70696987662213
115.0 6.66275183329641
116.0 6.68579730943468
117.0 6.67525003238984
118.0 6.59408373574514
119.0 6.60320985338391
120.0 6.68953836052775
121.0 6.68019234479272
122.0 6.60959364359373
123.0 6.65129284750075
124.0 6.61104788016305
125.0 6.67342737859247
126.0 6.70256457189275
127.0 6.69884048607428
128.0 6.64234297082288
129.0 6.67539426260573
130.0 6.72991337295732
131.0 6.69275635974609
132.0 6.7827655649261
133.0 6.70195210203519
134.0 6.69355082793583
135.0 6.74061137602577
136.0 6.7192245656665
137.0 6.697486219411
138.0 6.78413380797311
139.0 6.69388774984802
140.0 6.70911003961089
141.0 6.69508173433763
142.0 6.66695818626407
143.0 6.63032583262781
144.0 6.72015401878026
145.0 6.62871550061587
146.0 6.68361404469759
147.0 6.63130966359981
148.0 6.63309489800537
149.0 6.61016062459617
150.0 6.65163429103216
151.0 6.56893674279893
152.0 6.69145403975062
153.0 6.57711796162382
154.0 6.63562672539946
155.0 6.6700684741897
156.0 6.57639591000961
157.0 6.65316254652693
158.0 6.67826581079041
159.0 6.62363406943137
160.0 6.70431712264209
161.0 6.68938775606096
162.0 6.72575275525388
163.0 6.8162341203919
164.0 6.78366243048483
165.0 6.78279990997126
166.0 6.78614259282854
167.0 6.76978587653338
168.0 6.81343595611255
169.0 6.83647074018884
170.0 6.86894977165363
171.0 6.82469596701928
172.0 6.90976189377979
173.0 6.86091254028797
174.0 6.84262998538337
175.0 6.84072439328543
176.0 6.87661604828837
177.0 6.85235164877855
178.0 6.88034073296575
179.0 6.81462508573191
180.0 6.81081511625135
181.0 6.81158145537362
182.0 6.69019522798824
183.0 6.69035150136479
184.0 6.62088279283082
185.0 6.61780271850328
186.0 6.5155753163713
187.0 6.54169306854981
188.0 6.45792896499224
189.0 6.35447119555382
190.0 6.35392069679891
191.0 6.26633779055506
192.0 6.23310375813923
193.0 6.22377858520342
194.0 6.17713234567139
195.0 6.02228399422287
196.0 6.04677832484806
197.0 5.98285109912953
198.0 5.97339139499977
199.0 5.90651195026468
200.0 5.90352704634233
201.0 5.80946103249283
202.0 5.84801648595816
203.0 5.78476100778154
204.0 5.81087949854859
205.0 5.77760436426093
206.0 5.81604173515557
207.0 5.82407719435733
208.0 5.74052053318865
209.0 5.88137298169047
210.0 5.7766693556165
211.0 5.7770436466362
212.0 5.75872265018544
213.0 5.72457936820285
214.0 5.75615187491174
215.0 5.77727100309835
216.0 5.81599816061393
217.0 5.74977346528892
218.0 5.74394763219433
219.0 5.7684007262847
220.0 5.74798201567525
221.0 5.7225982943125
222.0 5.74320509111778
223.0 5.6987354602983
224.0 5.73273818718297
225.0 5.69559384160701
226.0 5.55039179631279
227.0 5.57618651493882
228.0 5.53736070052976
229.0 5.53494914285447
230.0 5.41718403264721
231.0 5.37075219843855
232.0 5.3573694983844
233.0 5.29220704982803
234.0 5.20810399574672
235.0 5.06925957795083
236.0 5.09365544901785
237.0 4.96211708163826
238.0 4.88216261718004
239.0 4.83821459687054
240.0 4.80091938452648
241.0 4.6895578672865
242.0 4.61291491294604
243.0 4.57898428765189
244.0 4.56946792567382
245.0 4.40247656858862
246.0 4.38790327085253
247.0 4.4259604384795
248.0 4.31274628455892
249.0 4.20021150494453
250.0 4.28122751032597
251.0 4.20044994754535
252.0 4.15676982944269
253.0 4.21310469599109
254.0 4.17772103837627
255.0 4.17654896692368
256.0 4.17964138365811
257.0 4.23899471275359
258.0 4.22852527094996
259.0 4.30062220374329
260.0 4.28510891056357
261.0 4.28234685348477
262.0 4.36300554351036
263.0 4.39431942889545
264.0 4.31289699786888
265.0 4.44166867670088
266.0 4.43394811481926
267.0 4.48664287074689
268.0 4.51008863877531
269.0 4.6079080207392
270.0 4.60125505264493
271.0 4.57041189819372
272.0 4.53270706625651
273.0 4.52833127707993
274.0 4.54831828337987
275.0 4.5645459982204
276.0 4.52517660333963
277.0 4.48670363178113
278.0 4.54621759704307
279.0 4.4263397465187
280.0 4.45646267404939
281.0 4.35116585738256
282.0 4.35648940642968
283.0 4.27484345991024
284.0 4.26064873073181
285.0 4.17305618095069
286.0 4.08916033076426
287.0 4.10711994509092
288.0 4.0288844511729
289.0 3.99347343629029
290.0 4.05332981328705
291.0 4.00988589316721
292.0 3.90419585509249
293.0 3.84118302695907
294.0 3.83114486709986
295.0 3.7221397402617
296.0 3.72193581377155
297.0 3.64431238023263
298.0 3.68363820814548
299.0 3.6552601636405
300.0 3.66017744696934
