WaterForce
301
0.0 5.65306575649286
1.0 5.57411796444403
2.0 5.65589659665964
3.0 5.51398880475375
4.0 5.53690114219603
5.0 5.63595317926404
6.0 5.54154868059811
7.0 5.37503333512977
8.0 5.42807066414166
9.0 5.4122382123726
10.0 5.38378535835396
11.0 5.35097089211568
12.0 5.37907885601855
13.0 5.46663010764684
14.0 5.48983469922575
15.0 5.53823344443374
16.0 5.58017481014982
17.0 5.50356014681195
18.0 5.5609429663681
19.0 5.57665980271842
20.0 5.60104266746497
21.0 5.57735736554461
22.0 5.72299122150549
23.0 5.77229547175003
24.0 5.88419951533283
25.0 5.88118778853735
26.0 5.9345108856247
27.0 6.13108656872101
28.0 6.1499079490358
29.0 6.23337181378664
30.0 6.19678350814188
31.0 6.38311115586008
32.0 6.43034033257145
33.0 6.41060574880697
34.0 6.46378325883645
35.0 6.63163691527191
36.0 6.69503367401431
37.0 6.73386152513506
38.0 6.80252461383205
39.0 6.75874791825739
40.0 6.80751249012896
41.0 6.80832843922584
42.0 6.96144579509774
43.0 6.9202676722181
44.0 6.98864225568954
45.0 7.01065190333739
46.0 7.10901714621465
47.0 6.98315587749035
48.0 6.95834296140091
49.0 6.99422868058654
50.0 6.94037508291882
51.0 6.91305414969828
52.0 6.96206191500016
53.0 6.88962130548784
54.0 6.90538364939258
55.0 6.89821164179841
56.0 6.66949141313054
57.0 6.64204407689576
58.0 6.75252334953595
59.0 6.60242150215215
60.0 6.60307768212543
61.0 6.58877255699302
62.0 6.60994717295319
63.0 6.55476530417262
64.0 6.54261281514301
65.0 6.40659756793984
66.0 6.39739676798856
67.0 6.39126588882296
68.0 6.44450773342111
69.0 6.27778044649622
70.0 6.22563077278697
71.0 6.20529762498686
72.0 6.13376544691876
73.0 6.20187452598425
74.0 6.22846121528106
75.0 6.18566137028451
76.0 6.1430769652533
77.0 6.12808135844143
78.0 6.10538435784975
79.0 6.00685069696447
80.0 6.15601361091092
81.0 6.15685036558209
82.0 6.15613213269912
83.0 6.07667012386329
84.0 6.10906774014253
85.0 6.142203257434
86.0 5.99564043351009
87.0 6.08572461160713
88.0 6.07858237024422
89.0 6.05527273750572
90.0 5.96881896175552
91.0 5.95338854238859
92.0 6.00744654569239
93.0 5.95596368142484
94.0 5.87848124908348
95.0 5.85817413996853
96.0 5.79323862961934
97.0 5.77214053851211
98.0 5.68618898709109
99.0 5.63600802693835
100.0 5.51022431795481
101.0 5.48095292207181
102.0 5.47426977128008
103.0 5.33613172228656
104.0 5.30488653305577
105.0 5.19607271114663
106.0 5.05238234613209
107.0 5.10446134517221
108.0 5.00455933426251
109.0 4.82363884019615
110.0 4.7538061639267
111.0 4.77807439791597
112.0 4.60638369538727
113.0 4.61746766915894
114.0 4.59123285742546
115.0 4.37914913203004
116.0 4.39814669701321
117.0 4.26006155204527
118.0 4.06330348403007
119.0 4.0633291594588
120.0 4.08721211939485
121.0 3.978576185535
122.0 4.0177656493863
123.0 3.89955854756943
124.0 3.91298328393704
125.0 3.74529405217992
126.0 3.91164257445935
127.0 3.81563358625776
128.0 3.88074360559818
129.0 3.85090121039796
130.0 3.9351580109215
131.0 3.78335594682596
132.0 3.90398151607784
133.0 3.88884964399762
134.0 3.85669554396115
135.0 3.94131550065608
136.0 3.93441166645929
137.0 3.96136606683516
138.0 3.87257940334723
139.0 4.23368010791694
140.0 4.13408299935942
141.0 4.20248018934539
142.0 4.32218377142673
143.0 4.31119116900453
144.0 4.4430533389833
145.0 4.35590887888514
146.0 4.54099285372359
147.0 4.57314424331344
148.0 4.62729821454816
149.0 4.77821939751402
150.0 4.8562461316628
151.0 4.88737743290209
152.0 4.91391081469224
153.0 5.00425260442107
154.0 5.08635837722066
155.0 5.18370847822325
156.0 5.30033385675461
157.0 5.32952906325303
158.0 5.28136147637664
159.0 5.34836149829129
160.0 5.44866242544947
161.0 5.63880385426649
162.0 5.53850622478405
163.0 5.67019818809885
164.0 5.74702258776318
165.0 5.72028364942607
166.0 5.87401883908397
167.0 5.87445636557192
168.0 5.93140553900753
169.0 5.93598255420411
170.0 6.04818445462012
171.0 6.13598633189799
172.0 6.16299742384904
173.0 6.21470551594468
174.0 6.34155635866682
175.0 6.24005735704697
176.0 6.33386259440928
177.0 6.35720696450117
178.0 6.3195043676109
179.0 6.46444041507938
180.0 6.53496195804053
181.0 6.534549552179
182.0 6.53262032050607
183.0 6.60997695117772
184.0 6.71915872809155
185.0 6.6456380353739
186.0 6.61814910644756
187.0 6.54261535595251
188.0 6.62202790636607
189.0 6.62570187499249
190.0 6.64001099589259
191.0 6.67272388138248
192.0 6.61932811219573
193.0 6.56759380272959
194.0 6.5987331953451
195.0 6.53828525380098
196.0 6.5042874017153
197.0 6.50796953248806
198.0 6.41484908159526
199.0 6.3998413628757
200.0 6.41802621895953
201.0 6.37809526202234
202.0 6.31027420093876
203.0 6.38102184102273
204.0 6.29619101520808
205.0 6.26304782080182
206.0 6.18811884408083
207.0 6.19591797631571
208.0 6.11719086395242
209.0 6.06545279274054
210.0 6.14830227497175
211.0 5.99340539503074
212.0 6.06420088831395
213.0 6.04174055833746
214.0 5.9451883406992
215.0 5.80450377685995
216.0 5.92640067693035
217.0 5.98889696436306
218.0 5.94274035607565
219.0 5.86710650044726
220.0 5.79384582224359
221.0 5.77556214963015
222.0 5.7994137660573
223.0 5.85485184116027
224.0 5.77702384519502
225.0 5.73830851317021
226.0 5.82333301309714
227.0 5.64866502293089
228.0 5.6598887755442
229.0 5.73078243216583
230.0 5.64933665051174
231.0 5.66850033970329
232.0 5.50476712512059
233.0 5.63160154826093
234.0 5.46923728409655
235.0 5.52969709245466
236.0 5.42382511208097
237.0 5.35911202877353
238.0 5.41962372150892
239.0 5.32273818576877
240.0 5.28910507360578
241.0 5.20374221938706
242.0 5.10460378518602
243.0 4.96032554352509
244.0 4.98066974460487
245.0 4.82272500343316
246.0 4.78858015601073
247.0 4.69484133054859
248.0 4.50947035006918
249.0 4.50486415289545
250.0 4.39291284723842
251.0 4.3028029281082
252.0 4.18659606844799
253.0 4.05398471462691
254.0 4.07156224192562
255.0 3.92006586912238
256.0 3.76398484306505
257.0 3.61782867608565
258.0 3.59321578414646
259.0 3.40499399411341
260.0 3.34742762153308
261.0 3.20837617501297
262.0 3.12709066679041
263.0 3.14751979536488
264.0 3.09739973055352
265.0 2.89182960159446
266.0 2.89679518972723
267.0 2.86893694737558
268.0 2.70087650611447
269.0 2.69331894065344
270.0 2.7116312056212
271.0 2.66264221755131
272.0 2.71729160060771
273.0 2.72844228494819
274.0 2.67400732933684
275.0 2.77373473610274
276.0 2.67424447267334
277.0 2.80002243446497
278.0 2.70011964666725
279.0 2.79945773471393
280.0 2.91240501423997
281.0 2.87816843593436
282.0 3.04047010104166
283.0 3.0476822477583
284.0 3.10381393443254
285.0 3.14282136356355
286.0 3.36653756831798
287.0 3.53877724291648
288.0 3.62310127793759
289.0 3.59959570803021
290.0 3.64378008322318
291.0 3.78076954954379
292.0 3.82276471228532
293.0 3.90782532504249
294.0 4.0051729827239
295.0 4.02118314966766
296.0 4.08625651991099
297.0 4.20538593921473
298.0 4.32647011325212
299.0 4.33263217738521
300.0 4.4623291943736
