WorldNow
301
0.0 7.31139811972602
1.0 7.32607896883231
2.0 7.15438263189995
3.0 7.06485651384106
4.0 7.05042490420342
5.0 7.04741207863389
6.0 6.88672057016827
7.0 6.81771520665826
8.0 6.62114999834179
9.0 6.70198011861683
10.0 6.65166245147503
11.0 6.5327287097011
12.0 6.43137860129888
13.0 6.33465137357442
14.0 6.27300863398659
15.0 6.12449996537451
16.0 6.14140376137918
17.0 5.97234859591805
18.0 5.92169630973339
19.0 5.98287904864431
20.0 5.93603382090327
21.0 5.71807719874257
22.0 5.6588630275883
23.0 5.71411749794415
24.0 5.63247618452488
25.0 5.43956097822799
26.0 5.49025539327212
27.0 5.43264231717397
28.0 5.2991746637772
29.0 5.30962103054743
30.0 5.32154739348397
31.0 5.12961049391717
32.0 5.17309846615108
33.0 5.0991149031611
34.0 4.94006949957972
35.0 4.99426201192271
36.0 4.91585910379391
37.0 4.99511297114151
38.0 4.85026505523057
39.0 4.84400176904268
40.0 4.81670644989571
41.0 4.76563858538073
42.0 4.63814427694099
43.0 4.77927072314775
44.0 4.70923665985892
45.0 4.74338932220019
46.0 4.61917986353203
47.0 4.64345259476633
48.0 4.62650078932931
49.0 4.49548136854709
50.0 4.48721505451171
51.0 4.55584025272313
52.0 4.52978748857113
53.0 4.50228721743003
54.0 4.29934646102556
55.0 4.26619632580134
56.0 4.3291126844219
57.0 4.48844903577782
58.0 4.31355164580486
59.0 4.23936522196654
60.0 4.34683433750896
61.0 4.22369070158879
62.0 4.1069304413187
63.0 4.13605139813677
64.0 4.02363523142357
65.0 4.14132075532137
66.0 4.17068518605524
67.0 4.08208175089339
68.0 4.03393006057515
69.0 4.02961765552083
70.0 3.91176603543644
71.0 3.98074222714026
72.0 3.92061126362299
73.0 3.97420413408939
74.0 3.88682776997215
75.0 3.85118083255302
76.0 3.84082286460746
77.0 4.01452469064456
78.0 3.8024186570521
79.0 3.91271177624904
80.0 3.82958394489631
81.0 3.83549554756278
82.0 3.82096248294048
83.0 3.95407616190436
84.0 3.84053895840022
85.0 3.89565872933019
86.0 3.91930394339185
87.0 3.90949541922412
88.0 3.94648287514501
89.0 4.10867286718321
90.0 3.98531053373017
91.0 3.91062176862594
92.0 4.02197654415601
93.0 4.19009647372746
94.0 4.17203406337434
95.0 4.140188654409
96.0 4.15815916958238
97.0 4.33698769888383
98.0 4.28712951882095
99.0 4.37937613218675
100.0 4.3674964369912
101.0 4.41814388960316
102.0 4.45250305452294
103.0 4.57500851197412
104.0 4.58316902148383
105.0 4.61392091643181
106.0 4.64851484786021
107.0 4.67203673164592
108.0 4.69810162488226
109.0 4.72007467724203
110.0 4.80829090167184
111.0 4.74409537526094
112.0 4.81620134488766
113.0 4.93926213913804
114.0 4.87484940475698
115.0 4.91181141569991
116.0 4.96639132700007
117.0 5.0356628964333
118.0 4.92739437596725
119.0 4.93707796316948
120.0 5.0212710046563
121.0 4.98557569984657
122.0 5.03288952702826
123.0 4.93871925126756
124.0 4.99502414856203
125.0 5.06998508710363
126.0 5.03449563792095
127.0 5.03907446230941
128.0 5.10186607341276
129.0 5.0813504181063
130.0 4.95039000310969
131.0 5.11996221334841
132.0 5.0121619545125
133.0 5.16104054937371
134.0 5.11665785574058
135.0 5.08035714232319
136.0 5.17484749743202
137.0 5.22154555868378
138.0 5.15219835761967
139.0 5.06956068941755
140.0 5.14829282798437
141.0 5.1630889525447
142.0 5.08202273201733
143.0 5.1249495620233
144.0 5.23208854045511
145.0 5.35661077174401
146.0 5.35038186642382
147.0 5.33465494984183
148.0 5.28774512931093
149.0 5.33095702434037
150.0 5.36485320065923
151.0 5.51552166635816
152.0 5.37754674440815
153.0 5.632977121394
154.0 5.56148447177136
155.0 5.59531404646666
156.0 5.69368624465694
157.0 5.75617602656887
158.0 5.78213646009175
159.0 5.83506598402522
160.0 5.91261787806166
161.0 6.02803777441454
162.0 6.09535735793134
163.0 5.99716013491383
164.0 6.11161432026906
165.0 6.18388527237734
166.0 6.22316535820641
167.0 6.27949739285684
168.0 6.41236990388129
169.0 6.43271608096401
170.0 6.49647987813173
171.0 6.50539075201957
172.0 6.53055126820996
173.0 6.69414789359268
174.0 6.58973864752486
175.0 6.75786195970296
176.0 6.78235526183488
177.0 6.79588520676534
178.0 6.83221117228921
179.0 6.85337273522219
180.0 6.99303216678317
181.0 6.9578179583377
182.0 6.89316414856059
183.0 6.90580840600367
184.0 6.98022594343161
185.0 6.97684077175956
186.0 7.05420331258146
187.0 7.02049936400502
188.0 7.07869829634931
189.0 6.98260334365758
190.0 7.06023118093687
191.0 7.12349664430473
192.0 6.98431023522603
193.0 7.02584504335484
194.0 6.96331590714594
195.0 6.96983252760385
196.0 7.02207916718898
197.0 7.05402244339984
198.0 6.89607682543066
199.0 6.8732206975534
200.0 6.95049307194825
201.0 6.85972694115032
202.0 6.89759437896183
203.0 6.89227995155407
204.0 6.89142379868288
205.0 6.80480860237378
206.0 6.6865620268484
207.0 6.76184566767726
208.0 6.70987627991042
209.0 6.71765025251386
210.0 6.78886623652328
211.0 6.67304157119121
212.0 6.67362509552547
213.0 6.76715751969671
214.0 6.82279585233749
215.0 6.70246663923378
216.0 6.67668688943391
217.0 6.55014252231523
218.0 6.66324857691323
219.0 6.61084383153889
220.0 6.50978755957567
221.0 6.52031234226472
222.0 6.50183363032802
223.0 6.49065819897857
224.0 6.54171823262024
225.0 6.47321288588526
226.0 6.44676826200436
227.0 6.47697994291545
228.0 6.53306645444863
229.0 6.44323548816619
230.0 6.36086558534678
231.0 6.38620366189651
232.0 6.3437673396388
233.0 6.26538361169384
234.0 6.29872968746405
235.0 6.22937044106378
236.0 6.24790585582241
237.0 6.12562211639598
238.0 6.04690184470639
239.0 6.04137852242811
240.0 6.00334267830348
241.0 5.94870513594177
242.0 5.86653048585969
243.0 5.64238570862075
244.0 5.77494508294744
245.0 5.70504607537811
246.0 5.5536276555274
247.0 5.53529514102611
248.0 5.40741173515674
249.0 5.29341323622721
250.0 5.29195657284958
251.0 5.21945000970639
252.0 5.0423977214485
253.0 5.11400499990292
254.0 4.96565379434823
255.0 4.77654372975609
256.0 4.66962454438134
257.0 4.60737363914467
258.0 4.49299129997644
259.0 4.39279234965513
260.0 4.31215147691921
261.0 4.2974042922689
262.0 4.14323449644961
263.0 4.08396411394284
264.0 3.93334628629629
265.0 3.97146951016884
266.0 3.92372077022052
267.0 3.74901460047502
268.0 3.72511713336086
269.0 3.6913003866887
270.0 3.60897594492135
271.0 3.5403742349551
272.0 3.50173550226267
273.0 3.33291222313779
274.0 3.43611119910081
275.0 3.38166918933287
276.0 3.2741370467501
277.0 3.33479808654307
278.0 3.19485980082018
279.0 3.34411634661856
280.0 3.28446254125614
281.0 3.25293989394231
282.0 3.25861323737635
283.0 3.35627865927243
284.0 3.3962447482032
285.0 3.26307426471549
286.0 3.40042062602296
287.0 3.45754978867634
288.0 3.4642485306995
289.0 3.49532388920947
290.0 3.52914979824031
291.0 3.63432951443559
292.0 3.66201113154366
293.0 3.71746845317623
294.0 3.68247479070168
295.0 3.80931911151619
296.0 3.78162031880765
297.0 3.88905671589506
298.0 3.9371462562424
299.0 4.007874366891
300.0 4.11921125121189
